0.491500,0.091000
0.497500,0.094000
0.499000,0.089000
0.498500,0.096000
0.518500,0.103500
0.521000,0.106000
0.526500,0.106500
0.523500,0.113500
0.536500,0.118500
0.534000,0.122000
0.538000,0.120500
0.525500,0.120000
0.521500,0.122500
0.545000,0.128000
0.537000,0.136000
0.534500,0.132500
0.573000,0.136500
0.572500,0.139500
0.576500,0.142500
0.568500,0.150000
0.553000,0.148000
0.567500,0.151000
0.570500,0.152500
0.585500,0.158500
0.578000,0.154500
0.577000,0.163000
0.592500,0.167000
0.590000,0.172000
0.588000,0.170000
0.587500,0.174000
0.579500,0.180500
0.592500,0.180000
0.609500,0.184000
0.598500,0.183500
0.616500,0.191000
0.619500,0.186500
0.614000,0.189000
0.626000,0.193500
0.634000,0.197500
0.627500,0.201000
0.623000,0.202000
0.618000,0.205000
0.631500,0.213000
0.645500,0.214000
0.645000,0.214500
0.648000,0.217500
0.638000,0.222500
0.653500,0.224500
0.664500,0.228000
0.681000,0.233000
0.654500,0.238500
0.671500,0.246000
0.679000,0.248500
0.670000,0.248000
0.674000,0.248500
0.670500,0.246500
0.660000,0.257000
0.667500,0.246500
0.680500,0.257500
0.679500,0.259000
0.689500,0.261500
0.676000,0.264000
0.689500,0.256000
0.683000,0.269000
0.685500,0.270000
0.687000,0.269500
0.697500,0.269000
0.684000,0.276500
0.696000,0.276000
0.701000,0.282000
0.715000,0.282000
0.696000,0.286000
0.709000,0.285500
0.696000,0.281000
0.694500,0.289000
0.712000,0.294000
0.703000,0.296500
0.708500,0.298500
0.726500,0.302000
0.710000,0.304000
0.716000,0.297000
0.713500,0.300500
0.700500,0.306000
0.720500,0.308000
0.719000,0.313000
0.722500,0.317500
0.733000,0.318000
0.739500,0.318000
0.716500,0.321000
0.716000,0.317000
0.721500,0.318000
0.727500,0.316500
0.736000,0.324000
0.716000,0.325500
0.757000,0.327000
0.729000,0.324000
0.737500,0.333500
0.722500,0.334000
0.739500,0.332500
0.726000,0.329500
0.752500,0.337500
0.743500,0.337500
0.753500,0.338500
0.730500,0.343000
0.746500,0.348000
0.743500,0.334500
0.740000,0.346500
0.748500,0.345500
0.768500,0.353500
0.741500,0.350000
0.739500,0.354500
0.756000,0.353500
0.743000,0.354500
0.747500,0.360500
0.754500,0.372500
0.778000,0.368000
0.757000,0.364000
0.761500,0.368500
0.754000,0.375500
0.755000,0.371000
0.762500,0.373000
0.766500,0.377500
0.758500,0.379000
0.766000,0.382500
0.777500,0.386500
0.777500,0.392500
0.770500,0.387000
0.786500,0.387500
0.778500,0.389500
0.773500,0.392000
0.781500,0.395000
0.773000,0.390500
0.788500,0.402500
0.783000,0.405500
0.765500,0.403000
0.782000,0.409500
0.791000,0.409000
0.778000,0.410500
0.784500,0.412500
0.785500,0.412500
0.777000,0.411500
0.784000,0.418000
0.796500,0.412500
0.789000,0.417000
0.782000,0.419500
0.804000,0.413500
0.791000,0.416000
0.805000,0.422000
0.800000,0.428500
0.805500,0.432500
0.792500,0.435500
0.804500,0.430500
0.798000,0.435500
0.781500,0.432500
0.800000,0.433500
0.812000,0.433000
0.804000,0.434000
0.815000,0.435000
0.803500,0.444500
0.808000,0.436500
0.792500,0.442000
0.816000,0.440500
0.798000,0.443500
0.805000,0.445000
0.793000,0.448500
0.788000,0.452500
0.801000,0.453000
0.804000,0.455000
0.790000,0.449000
0.798500,0.457000
0.813000,0.455500
0.808500,0.458000
0.817000,0.449000
0.804000,0.452000
0.811000,0.459500
0.809500,0.456500
0.808500,0.473500
0.801000,0.467500
0.807500,0.464500
0.799500,0.463000
0.807000,0.466000
0.820000,0.471000
0.815000,0.475000
0.809500,0.477000
0.825500,0.472500
0.800500,0.472500
0.811000,0.467500
0.810500,0.474000
0.798000,0.474000
0.804500,0.473000
0.816500,0.483500
0.815000,0.486500
0.818000,0.482500
0.801500,0.483000
0.810000,0.482500
0.804000,0.486500
0.815500,0.488500
0.803500,0.485000
0.820000,0.487500
0.829000,0.488500
0.815500,0.491500
0.827500,0.495500
0.831500,0.492500
0.824000,0.490000
0.826500,0.493500
0.818000,0.493500
0.832000,0.503000
0.833500,0.500000
0.829500,0.507000
0.839500,0.496000
0.819500,0.499000
0.815000,0.502000
0.837500,0.511000
0.824000,0.515500
0.813000,0.508000
0.833500,0.507500
0.830500,0.514000
0.811000,0.504500
0.821500,0.512000
0.826000,0.505500
0.832000,0.506500
0.824500,0.510500
0.821000,0.513000
0.820500,0.514500
0.824500,0.513000
0.819500,0.516500
0.830500,0.518000
0.844500,0.523000
0.814000,0.508500
0.833500,0.515000
0.822500,0.517000
0.822500,0.511500
0.829500,0.520000
0.831500,0.524000
0.829000,0.524000
0.818000,0.530000
0.823000,0.533500
0.832500,0.532500
0.833500,0.526000
0.838500,0.538000
0.835000,0.531000
0.825500,0.537500
0.833000,0.534000
0.820500,0.531500
0.819000,0.531500
0.828000,0.527500
0.825500,0.530000
0.826000,0.535500
0.825000,0.532500
0.839000,0.534000
0.832000,0.538500
0.834000,0.539500
0.838500,0.538000
0.840500,0.539000
0.837500,0.546000
0.823500,0.546500
0.819500,0.545000
0.837500,0.548000
0.833000,0.549000
0.823500,0.551000
0.847000,0.546000
0.844000,0.543000
0.836500,0.544000
0.837500,0.543000
0.839000,0.540500
0.848500,0.546000
0.830000,0.550000
0.828000,0.546000
0.836000,0.539000
0.825500,0.542000
0.839000,0.549500
0.829000,0.543000
0.853500,0.551500
0.843000,0.547000
0.837000,0.541500
0.819500,0.550000
0.824500,0.552000
0.835500,0.549500
0.842500,0.557000
0.858000,0.557000
0.844500,0.558000
0.841000,0.560500
0.828500,0.553000
0.846500,0.559500
0.824500,0.550000
0.836500,0.562000
0.856000,0.564500
0.844500,0.566000
0.845000,0.560000
0.838500,0.566500
0.844500,0.576000
0.837000,0.575500
0.839500,0.566500
0.847500,0.563500
0.835500,0.558500
0.829000,0.567000
0.848000,0.569000
0.846500,0.570500
0.852000,0.573000
0.844000,0.569500
0.855000,0.577500
0.841500,0.578500
0.854500,0.573500
0.843500,0.579500
0.840000,0.570000
0.837000,0.579000
0.848000,0.581500
0.833000,0.574000
0.839500,0.570000
0.845500,0.580500
0.837500,0.571000
0.834500,0.586000
0.839500,0.587000
0.845000,0.586500
0.846500,0.589000
0.848000,0.581000
0.836000,0.581500
0.848000,0.582500
0.851500,0.583000
0.857500,0.592500
0.853500,0.587000
0.855000,0.584500
0.853500,0.580500
0.836000,0.583500
0.857500,0.583500
0.861000,0.588000
0.858500,0.592000
0.850500,0.586500
0.832500,0.585500
0.849500,0.590000
0.846000,0.591500
0.849500,0.591500
0.849000,0.589500
0.854000,0.597500
0.846000,0.593000
0.853000,0.596000
0.836500,0.597500
0.843000,0.591000
0.855500,0.592500
0.857000,0.600000
0.844500,0.597500
0.865000,0.604500
0.854500,0.596500
0.852500,0.601500
0.848000,0.598500
0.849000,0.599500
0.862500,0.600500
0.841000,0.599000
0.855000,0.601000
0.841500,0.606500
0.849000,0.605000
0.847500,0.601000
0.863000,0.606500
0.849000,0.604500
0.864500,0.608500
0.844000,0.609000
0.853000,0.609000
0.853000,0.605500
0.842500,0.610500
0.856500,0.607000
0.837000,0.602000
0.848000,0.603000
0.856000,0.611500
0.859000,0.607500
0.842500,0.605000
0.850500,0.608500
0.860000,0.607500
0.872000,0.619500
0.853500,0.612500
0.865000,0.617000
0.864500,0.613000
0.853000,0.612000
0.845000,0.621500
0.858500,0.616000
0.867500,0.619000
0.842000,0.620000
0.845500,0.614500
0.854500,0.623500
0.859000,0.623000
0.854500,0.616500
0.864500,0.617500
0.849500,0.622500
0.860000,0.620000
0.857500,0.622500
0.857500,0.624000
0.855500,0.615500
0.849000,0.626000
0.869500,0.611500
0.848500,0.624500
0.861000,0.623500
0.840500,0.620500
0.861000,0.625500
0.860500,0.622500
0.833500,0.624000
0.857500,0.633500
0.846000,0.626500
0.856000,0.630000
0.857500,0.633000
0.849500,0.627500
0.856500,0.636500
0.851000,0.633500
0.862000,0.632000
0.853000,0.633000
0.872500,0.634500
0.858000,0.629500
0.863000,0.632500
0.859000,0.623000
0.851500,0.628500
0.843500,0.633000
0.856500,0.629000
0.849500,0.639000
0.862000,0.640000
0.864500,0.645000
0.859000,0.633500
0.865500,0.639500
0.857000,0.641000
0.858000,0.638000
0.850000,0.638000
0.853500,0.641000
0.857000,0.637500
0.854000,0.641000
0.875000,0.637000
0.855000,0.640500
0.862000,0.651000
0.868000,0.635500
0.865000,0.643000
0.852500,0.647500
0.851500,0.652000
0.873500,0.651000
0.855000,0.647000
0.860500,0.645000
0.873500,0.650500
0.863000,0.648000
0.852500,0.652000
0.849000,0.647000
0.869000,0.655500
0.850500,0.655000
0.859000,0.657500
0.861500,0.659000
0.860000,0.652000
0.863000,0.656500
0.861500,0.644500
0.859500,0.653500
0.859000,0.652500
0.865500,0.650000
0.857000,0.655500
0.866500,0.653500
0.863000,0.652000
0.855500,0.655000
0.862500,0.657000
0.855000,0.657500
0.845500,0.661500
0.874500,0.662500
0.866000,0.653000
0.854500,0.653500
0.855000,0.656500
0.870000,0.652500
0.854500,0.655000
0.869000,0.655500
0.859500,0.657000
0.864000,0.660000
0.855500,0.660000
0.867500,0.661500
0.853000,0.659500
0.866500,0.668000
0.851500,0.666500
0.871500,0.675500
0.868500,0.660500
0.869500,0.672000
0.855000,0.666500
0.854500,0.656500
0.863500,0.666500
0.860000,0.672000
0.872000,0.671000
0.881000,0.670500
0.851500,0.665500
0.858500,0.665000
0.875500,0.668000
0.866000,0.658500
0.867500,0.668500
0.875500,0.658500
0.847000,0.660000
0.864000,0.668000
0.876500,0.665000
0.859500,0.670500
0.860000,0.665500
0.868000,0.670500
0.870500,0.667500
0.871000,0.675000
0.864000,0.669000
0.877500,0.679000
0.864500,0.676000
0.856500,0.677000
0.864000,0.675000
0.867500,0.671000
0.853500,0.675000
0.853500,0.664500
0.853000,0.666500
0.871000,0.671500
0.864000,0.665000
0.867000,0.678500
0.861500,0.669500
0.868500,0.678000
0.857500,0.672500
0.868500,0.677000
0.856000,0.669500
0.854000,0.666500
0.864500,0.674500
0.871000,0.679500
0.868500,0.679500
0.868500,0.674500
0.876500,0.675500
0.867000,0.667500
0.848000,0.671000
0.872500,0.676500
0.874500,0.682000
0.876000,0.678500
0.859500,0.674000
0.857500,0.671500
0.873500,0.682500
0.874000,0.676000
0.872000,0.677500
0.863000,0.680000
0.850000,0.674000
0.875500,0.683500
0.866500,0.675000
0.865500,0.678000
0.872500,0.678500
0.869000,0.677000
0.865500,0.675500
0.865500,0.684000
0.866500,0.668500
0.849500,0.677000
0.857500,0.681000
0.865000,0.681000
0.856500,0.679000
0.869000,0.679500
0.859500,0.687000
0.870500,0.687000
0.865500,0.686000
0.853500,0.682000
0.868500,0.685000
0.875500,0.681500
0.866500,0.685500
0.858000,0.688000
0.853000,0.676000
0.862000,0.676000
0.870000,0.689000
0.866000,0.695000
0.869000,0.689000
0.879500,0.690000
0.860500,0.687000
0.867000,0.692000
0.863000,0.690000
0.866500,0.693500
0.861500,0.686500
0.869000,0.691500
0.867500,0.696500
0.856500,0.692000
0.877000,0.693500
0.848500,0.691000
0.861000,0.685500
0.861500,0.681000
0.884500,0.688500
0.865500,0.690500
0.876500,0.702000
0.856000,0.692000
0.861500,0.694000
0.874000,0.689000
0.865000,0.691000
0.875000,0.697000
0.870500,0.693000
0.873000,0.701000
0.865500,0.694500
0.865500,0.689500
0.868500,0.690500
0.864500,0.697500
0.874000,0.695500
0.866000,0.693500
0.863500,0.691500
0.875500,0.693000
0.874500,0.698000
0.874500,0.699000
0.867500,0.699500
0.866000,0.693000
0.861000,0.696500
0.874500,0.695500
0.867000,0.692500
0.875000,0.697000
0.866500,0.692500
0.864500,0.695500
0.856500,0.694000
0.867000,0.705500
0.868000,0.697500
0.867500,0.696500
0.876500,0.700000
0.876000,0.699500
0.873000,0.700500
0.869500,0.705000
0.872000,0.703000
0.867500,0.705000
0.851000,0.701000
0.871000,0.705000
0.874000,0.698500
0.862000,0.703500
0.886000,0.708000
0.853500,0.703500
0.873500,0.705500
0.868000,0.698000
0.858000,0.704000
0.866000,0.703000
0.869000,0.709500
0.858000,0.705000
0.847500,0.700500
0.855000,0.703500
0.864000,0.702000
0.877000,0.713500
0.872500,0.708000
0.860000,0.694000
0.873500,0.699000
0.874000,0.702500
0.875500,0.707000
0.868000,0.706000
0.865000,0.705000
0.879500,0.696000
0.869500,0.708000
0.872500,0.700000
0.875000,0.707500
0.886000,0.711500
0.869000,0.708500
0.873500,0.713500
0.867500,0.706500
0.863000,0.713000
0.874000,0.705500
0.862500,0.704000
0.863500,0.704000
0.871500,0.717500
0.875500,0.715500
0.868500,0.702000
0.861500,0.715000
0.864500,0.710000
0.864000,0.712000
0.868500,0.708000
0.880000,0.720500
0.861500,0.703000
0.849500,0.710500
0.867000,0.705500
0.869500,0.705000
0.867000,0.710500
0.867000,0.716500
0.865000,0.712000
0.870500,0.713500
0.871500,0.710000
0.867500,0.715000
0.872000,0.711000
0.870500,0.715500
0.871000,0.708000
0.871000,0.716500
0.886000,0.711500
0.874500,0.715500
0.878000,0.720000
0.869000,0.713000
0.876000,0.717500
0.870000,0.715000
0.878500,0.713500
0.879500,0.716500
0.875500,0.715000
0.877000,0.715000
0.871000,0.715000
0.872000,0.712000
0.865500,0.713000
0.873500,0.718500
0.876500,0.717000
0.880000,0.710500
0.872000,0.719000
0.869500,0.720000
0.864000,0.722500
0.867500,0.718000
0.870500,0.723000
0.863500,0.714500
0.882000,0.720500
0.874500,0.721000
0.870000,0.719000
0.889500,0.722500
0.860000,0.719500
0.867500,0.720000
0.870000,0.725000
0.871000,0.714000
0.872500,0.714500
0.877000,0.713000
0.862500,0.716500
0.872000,0.719000
0.871500,0.718000
0.881500,0.719500
0.872000,0.723500
0.865500,0.718500
0.865500,0.715500
0.889500,0.730000
0.863500,0.731000
0.880500,0.718500
0.876500,0.723500
0.864500,0.721000
0.877500,0.720500
0.867500,0.724000
0.887500,0.730500
0.877000,0.727000
0.858500,0.725500
0.859500,0.719000
0.872000,0.724000
0.879000,0.727000
0.870500,0.728000
0.863500,0.720000
0.870500,0.720000
0.874500,0.728000
0.875000,0.728500
0.864000,0.724000
0.869500,0.718500
0.862000,0.726500
0.876500,0.724000
0.889500,0.730000
0.869500,0.730000
0.872500,0.735500
0.867000,0.725500
0.882000,0.725500
0.878000,0.726000
0.867500,0.725500
0.873000,0.727500
0.876000,0.725000
0.868000,0.726500
0.890500,0.731000
0.865000,0.734000
0.859000,0.727000
0.863500,0.732500
0.855500,0.731500
0.878000,0.735500
0.873000,0.725500
0.872500,0.722000
0.872000,0.731500
0.873500,0.728000
0.870000,0.732500
0.881500,0.730000
0.878500,0.732500
0.869000,0.727500
0.872500,0.726500
0.886000,0.732000
0.869500,0.730000
0.867000,0.720500
0.874500,0.721000
0.854500,0.720000
0.852000,0.717500
0.877500,0.724500
0.877000,0.725000
0.861000,0.729500
0.887500,0.728000
0.881000,0.736500
0.861000,0.727500
0.870000,0.727000
0.858000,0.735000
0.867000,0.725500
0.865500,0.729000
0.879500,0.730000
0.878500,0.729000
0.875500,0.730000
0.892000,0.732000
0.878500,0.730000
0.868000,0.728000
0.877000,0.731000
0.876500,0.728000
0.885500,0.732000
0.863000,0.723000
0.878000,0.729500
0.865500,0.724500
0.877000,0.731000
0.864500,0.726500
0.878000,0.726000
0.885500,0.733500
0.869500,0.728500
0.884000,0.734000
0.877500,0.729000
0.874000,0.727500
0.870000,0.723500
0.876000,0.736000
0.870000,0.727500
0.894500,0.735000
0.887000,0.728000
0.876000,0.733000
0.860500,0.732000
0.875500,0.737500
0.869500,0.727000
0.856000,0.728000
0.877000,0.731500
0.873000,0.730000
0.867500,0.740500
0.869000,0.722500
0.870500,0.728000
0.881500,0.730500
0.863000,0.731500
0.871500,0.732500
0.868000,0.730500
0.866000,0.731000
0.872500,0.729500
0.871000,0.741000
0.878000,0.737000
0.879000,0.729500
0.884000,0.743000
0.873000,0.740500
0.873500,0.735000
0.880000,0.730000
0.877500,0.735500
0.878000,0.728500
0.875000,0.730500
0.873000,0.732000
0.858000,0.728500
0.872500,0.733500
0.876000,0.725500
0.881000,0.723000
0.867000,0.730500
0.872000,0.726000
0.867000,0.734500
0.871500,0.729500
0.878500,0.728000
0.874000,0.725500
0.867000,0.735500
0.877500,0.731000
0.871000,0.725000
0.885000,0.732000
0.881500,0.737000
0.876000,0.727000
0.870500,0.729500
0.880000,0.735000
0.874000,0.728500
0.878000,0.736000
0.882500,0.732000
0.866500,0.727500
0.871500,0.725000
0.880500,0.731000
0.878500,0.736500
0.862000,0.734000
0.865000,0.733500
0.872500,0.723000
0.864500,0.734000
0.869000,0.739500
0.874000,0.740000
0.867000,0.732000
0.873500,0.735500
0.867500,0.732000
0.877500,0.737000
0.869500,0.736500
0.868500,0.732000
0.868000,0.737000
0.883000,0.737000
0.875500,0.731000
0.877500,0.738000
0.881000,0.735000
0.874000,0.731000
0.879000,0.736000
0.873000,0.739500
0.883000,0.741000
0.873000,0.737500
0.869000,0.737000
0.870000,0.736500
0.883500,0.740500
0.877500,0.740000
0.868000,0.739000
0.874500,0.738500
0.880000,0.746000
0.882000,0.740500
0.880000,0.739500
0.881500,0.732500
0.871000,0.742000
0.871500,0.729500
0.879000,0.737500
0.870000,0.735000
0.861000,0.736500
0.867000,0.741500
0.863000,0.738500
0.865000,0.742000
0.886000,0.739500
0.867500,0.737500
0.867500,0.735500
0.868000,0.736000
0.878000,0.741500
0.883000,0.747000
0.883500,0.743000
0.867000,0.736500
0.875000,0.737000
0.869500,0.742000
0.866000,0.741000
0.876000,0.744000
0.878000,0.744000
0.864500,0.738000
0.871500,0.745500
0.876500,0.735500
0.872000,0.743000
0.868000,0.737500
0.862000,0.742000
0.881500,0.749000
0.867500,0.742000
0.872500,0.740500
0.877000,0.742000
0.862500,0.742000
0.882500,0.734000
0.864000,0.740000
0.863000,0.744000
0.879500,0.747000
0.868500,0.743000
0.880500,0.741000
0.881500,0.744500
0.876500,0.751000
0.868500,0.746500
0.884000,0.748000
0.871500,0.748000
0.872000,0.749500
0.868500,0.745500
0.862000,0.748500
0.880500,0.750500
0.876000,0.746500
0.875500,0.746500
0.883000,0.739500
0.872500,0.743000
0.882000,0.749000
0.873000,0.741000
0.865500,0.745500
0.883500,0.751000
0.875500,0.747500
0.872500,0.751000
0.870000,0.747000
0.877500,0.744500
0.873500,0.753000
0.861000,0.739500
0.881000,0.745000
0.878500,0.739000
0.870500,0.747500
0.882000,0.749500
0.875500,0.749000
0.869500,0.748000
0.866000,0.745000
0.890500,0.749000
0.870500,0.746500
0.877500,0.751000
0.875500,0.744000
0.876000,0.750000
0.877500,0.750000
0.873500,0.746000
0.870000,0.745500
0.877000,0.754500
0.880500,0.748000
0.871000,0.746500
0.880500,0.744000
0.880500,0.745500
0.889000,0.750500
0.881000,0.756000
0.876000,0.748000
0.867000,0.750500
0.865500,0.752500
0.862000,0.743000
0.866500,0.743000
0.875000,0.746500
0.861500,0.747000
0.878000,0.750000
0.881500,0.750000
0.882500,0.756000
0.867500,0.749500
0.871500,0.744000
0.865500,0.754000
0.879500,0.747000
0.879500,0.746000
0.872000,0.749000
0.877000,0.753000
0.878500,0.755000
0.872500,0.746500
0.881500,0.751000
0.866500,0.756500
0.877500,0.756500
0.884000,0.747500
0.869000,0.748000
0.882500,0.752000
0.872500,0.747000
0.874500,0.746000
0.881500,0.757000
0.884500,0.745000
0.881500,0.746500
0.864000,0.753500
0.881500,0.761000
0.875000,0.749500
0.880500,0.754500
0.879500,0.753500
0.876500,0.755000
0.885000,0.754000
0.887500,0.761000
0.874500,0.753000
0.878000,0.757500
0.886000,0.750500
0.877500,0.748500
0.881000,0.756000
0.860500,0.747500
0.866500,0.752000
0.879000,0.755000
0.883000,0.752500
0.879500,0.752000
833.208008,103.351616
