0.504000,0.108000
0.480500,0.087500
0.500500,0.093500
0.514000,0.109500
0.516500,0.101000
0.524500,0.111500
0.528500,0.127000
0.530500,0.114000
0.524500,0.132000
0.540000,0.113500
0.540000,0.134000
0.556000,0.133000
0.561000,0.139500
0.590000,0.153500
0.564000,0.142000
0.571500,0.149000
0.562000,0.151000
0.586500,0.166500
0.616000,0.172500
0.607000,0.183500
0.619000,0.172500
0.612000,0.178500
0.615500,0.174500
0.643000,0.178500
0.629000,0.191000
0.634500,0.186000
0.641000,0.201500
0.642000,0.214500
0.655500,0.199500
0.672000,0.220000
0.655500,0.214000
0.671000,0.220500
0.678000,0.221000
0.684500,0.231000
0.669000,0.222000
0.708000,0.250000
0.707000,0.247000
0.702000,0.244000
0.690500,0.252500
0.708500,0.266500
0.725000,0.278000
0.717500,0.279500
0.737500,0.282000
0.715500,0.278500
0.730500,0.299500
0.730500,0.287500
0.734000,0.287500
0.742500,0.306000
0.730000,0.317000
0.748500,0.294000
0.731000,0.298000
0.730500,0.301000
0.749500,0.306500
0.740000,0.310000
0.760000,0.320500
0.744000,0.314500
0.736500,0.313500
0.757500,0.311500
0.753500,0.334500
0.768000,0.350000
0.764500,0.339500
0.766000,0.342500
0.762000,0.343000
0.778500,0.352500
0.742500,0.332000
0.765500,0.350000
0.779000,0.367500
0.785000,0.359500
0.777500,0.364500
0.771000,0.366000
0.773500,0.358500
0.762500,0.375000
0.776500,0.368500
0.781000,0.359000
0.782000,0.372500
0.803000,0.376500
0.789500,0.384000
0.777000,0.364000
0.796000,0.388500
0.785000,0.400500
0.786500,0.403500
0.771500,0.405000
0.813500,0.398000
0.799000,0.390500
0.815500,0.402500
0.804000,0.402500
0.806000,0.424000
0.799000,0.418500
0.801500,0.423500
0.796500,0.390000
0.815500,0.437500
0.797000,0.409000
0.813000,0.441500
0.797000,0.424000
0.792000,0.435000
0.810000,0.419500
0.807000,0.435000
0.816500,0.462500
0.826500,0.447500
0.815000,0.427000
0.833000,0.448000
0.810500,0.428500
0.816000,0.434000
0.825500,0.454500
0.812500,0.446500
0.826500,0.452000
0.807500,0.447500
0.813000,0.449500
0.818500,0.437000
0.833500,0.453000
0.832500,0.455500
0.809000,0.439500
0.824000,0.458500
0.816000,0.453000
0.820000,0.472500
0.831000,0.489000
0.824000,0.478000
0.841000,0.474000
0.843500,0.466500
0.837500,0.471500
0.816000,0.478000
0.829000,0.467000
0.837500,0.474500
0.823000,0.484500
0.835500,0.481500
0.823000,0.489500
0.835500,0.499500
0.836000,0.485000
0.822500,0.467000
0.835500,0.487500
0.830000,0.491500
0.837000,0.472500
0.849500,0.488500
0.844500,0.492500
0.840500,0.508500
0.844500,0.493000
0.846500,0.521500
0.830000,0.492500
0.827500,0.491000
0.839000,0.511500
0.835500,0.513500
0.856000,0.505500
0.843000,0.502500
0.847000,0.507000
0.836000,0.491000
0.843500,0.511000
0.847500,0.509000
0.845000,0.514500
0.852000,0.525500
0.825500,0.508000
0.846000,0.507000
0.840000,0.507000
0.842000,0.527500
0.871500,0.519500
0.828500,0.508000
0.854500,0.526000
0.841500,0.529000
0.851500,0.497000
0.832000,0.518500
0.841500,0.523000
0.840500,0.538000
0.836500,0.525500
0.840500,0.535500
0.851000,0.535000
0.852500,0.535000
0.846500,0.541000
0.853000,0.519500
0.864000,0.542000
0.857000,0.560500
0.847500,0.534500
0.855500,0.521500
0.848000,0.555000
0.847500,0.535500
0.849000,0.549000
0.845000,0.534500
0.847500,0.550500
0.838500,0.539000
0.858500,0.539000
0.863000,0.538500
0.860500,0.544000
0.846000,0.541000
0.859000,0.549000
0.860000,0.544000
0.852000,0.546500
0.873000,0.551000
0.862000,0.561000
0.836500,0.546500
0.852000,0.557500
0.871500,0.565000
0.856500,0.555500
0.849000,0.555500
0.859000,0.575000
0.850500,0.556500
0.852000,0.545000
0.868000,0.566000
0.862000,0.556000
0.869000,0.565500
0.866000,0.548500
0.864500,0.560000
0.865500,0.557500
0.864500,0.556500
0.860000,0.561000
0.845500,0.567500
0.858000,0.580000
0.866000,0.576500
0.878500,0.586000
0.858000,0.573000
0.862000,0.571000
0.859500,0.571500
0.864500,0.573500
0.873500,0.575500
0.860500,0.570500
0.866000,0.566500
0.854000,0.588500
0.865000,0.587500
0.861000,0.568500
0.862000,0.584500
0.864500,0.572000
0.860500,0.595000
0.868000,0.589500
0.875500,0.570500
0.863000,0.585500
0.866000,0.569500
0.864500,0.579000
0.858000,0.587500
0.861000,0.584000
0.862500,0.589500
0.863500,0.572000
0.869000,0.583000
0.871000,0.578500
0.852500,0.581000
0.860000,0.588500
0.866500,0.587500
0.881500,0.583500
0.864500,0.581500
0.876500,0.605000
0.866500,0.583000
0.870000,0.608000
0.867500,0.583000
0.860000,0.602500
0.884000,0.596500
0.874500,0.588500
0.871500,0.605000
0.875000,0.597500
0.868500,0.608000
0.865500,0.608000
0.873500,0.610000
0.879500,0.613500
0.868000,0.613500
0.853500,0.615000
0.876000,0.582000
0.856500,0.594500
0.881000,0.590500
0.870500,0.596000
0.866500,0.590500
0.883000,0.614000
0.872500,0.609000
0.870500,0.602500
0.870000,0.610500
0.877000,0.618000
0.870000,0.617000
0.869000,0.613000
0.868500,0.618500
0.866000,0.606500
0.870000,0.596000
0.860500,0.598500
0.876500,0.600500
0.860500,0.608500
0.863000,0.601000
0.867500,0.599500
0.870500,0.607500
0.860500,0.598500
0.873500,0.605000
0.870000,0.611500
0.872500,0.617000
0.863500,0.615000
0.883000,0.613000
0.864500,0.599500
0.870000,0.604000
0.869500,0.625500
0.876000,0.616500
0.870500,0.625000
0.867000,0.625500
0.875500,0.611000
0.862500,0.609000
0.872000,0.611500
0.872000,0.619000
0.872000,0.606500
0.866000,0.613000
0.874000,0.621000
0.877000,0.620500
0.877000,0.608500
0.866500,0.610500
0.884500,0.617000
0.874500,0.629000
0.871500,0.603500
0.874000,0.610500
0.886000,0.625500
0.867500,0.610000
0.876000,0.614000
0.882000,0.629000
0.876000,0.628500
0.870000,0.603500
0.875500,0.637000
0.875500,0.629500
0.876000,0.619000
0.878500,0.627500
0.883500,0.627000
0.875500,0.626500
0.857500,0.611000
0.874500,0.640000
0.876000,0.629500
0.891500,0.634500
0.875000,0.632000
0.877000,0.632500
0.884500,0.628500
0.871500,0.638000
0.867000,0.620500
0.868000,0.625500
0.877500,0.638000
0.879500,0.634500
0.876500,0.640000
0.888000,0.645500
0.865000,0.623500
0.875500,0.651000
0.877500,0.644500
0.876500,0.623000
0.879000,0.629500
0.864000,0.649000
0.884000,0.642000
0.880000,0.648500
0.879500,0.629500
0.885000,0.645500
0.881000,0.625500
0.879000,0.643000
0.875000,0.638500
0.877500,0.647000
0.878500,0.629000
0.878000,0.647500
0.883000,0.645000
0.885000,0.632500
0.869500,0.649000
0.864500,0.643000
0.883000,0.647000
0.884000,0.646500
0.880500,0.651500
0.877500,0.640000
0.879500,0.653000
0.882500,0.641000
0.878000,0.640000
0.882500,0.648000
0.875000,0.633500
0.879500,0.648500
0.871500,0.641500
0.869500,0.652500
0.886500,0.642000
0.883000,0.644500
0.889000,0.645000
0.876000,0.635000
0.876000,0.648500
0.881500,0.649000
0.892000,0.675000
0.883500,0.648000
0.889500,0.660000
0.874000,0.653500
0.884500,0.640500
0.887500,0.656500
0.882500,0.653500
0.879500,0.645000
0.877500,0.659000
0.883500,0.645500
0.871500,0.639000
0.889500,0.652000
0.868000,0.660000
0.875500,0.647000
0.874500,0.658500
0.876000,0.654500
0.879000,0.648000
0.890000,0.668500
0.866500,0.672500
0.888500,0.657500
0.883000,0.658000
0.885500,0.660500
0.884500,0.676500
0.879500,0.651000
0.884000,0.654000
0.878500,0.657000
0.879500,0.662500
0.877000,0.645000
0.886500,0.672000
0.893500,0.663000
0.879500,0.664500
0.876500,0.650500
0.889500,0.653500
0.892000,0.666500
0.868500,0.660500
0.889000,0.658000
0.884500,0.659500
0.896000,0.660500
0.883000,0.654000
0.882000,0.666000
0.876000,0.651500
0.880000,0.653500
0.874500,0.657000
0.879500,0.657500
0.877000,0.671000
0.881500,0.664000
0.873000,0.674500
0.873500,0.646500
0.878500,0.660500
0.883500,0.667500
0.888000,0.669500
0.884500,0.666000
0.878500,0.660000
0.880500,0.671000
0.878500,0.679000
0.888500,0.668000
0.888500,0.663500
0.888000,0.662000
0.875000,0.676500
0.886000,0.658500
0.879000,0.670000
0.887000,0.667000
0.890500,0.685500
0.882000,0.682500
0.885000,0.669500
0.882000,0.665000
0.884000,0.673500
0.879500,0.680000
0.886500,0.660000
0.881000,0.674000
0.878500,0.657500
0.889500,0.682000
0.881500,0.665500
0.888500,0.668000
0.891500,0.678000
0.882000,0.656500
0.881500,0.683000
0.888500,0.667500
0.879500,0.676000
0.882500,0.680500
0.881500,0.700000
0.881000,0.684000
0.885500,0.676500
0.884500,0.684500
0.880500,0.674000
0.894500,0.666000
0.891500,0.672500
0.878000,0.686000
0.885000,0.670000
0.887000,0.678500
0.875500,0.678000
0.893500,0.671000
0.875000,0.681000
0.877500,0.661500
0.882000,0.686000
0.893000,0.684000
0.889500,0.680000
0.892000,0.681000
0.882500,0.690000
0.887500,0.693000
0.888500,0.687000
0.882500,0.684000
0.890000,0.692500
0.882500,0.691500
0.883000,0.674000
0.871000,0.681500
0.885000,0.684500
0.891000,0.663000
0.884500,0.686500
0.882000,0.679000
0.870500,0.681000
0.880000,0.688000
0.882000,0.678500
0.887000,0.693000
0.888500,0.672500
0.892000,0.679000
0.896000,0.685500
0.880500,0.679500
0.889500,0.677000
0.883000,0.690500
0.892000,0.685000
0.877500,0.677500
0.895500,0.684000
0.887500,0.679000
0.886000,0.685500
0.900000,0.688000
0.886500,0.706500
0.890500,0.693500
0.875500,0.693000
0.882000,0.674500
0.893500,0.706500
0.890000,0.687500
0.880500,0.682500
0.901000,0.696000
0.896000,0.697500
0.884000,0.701000
0.883500,0.663000
0.886000,0.686000
0.885500,0.688500
0.891000,0.694500
0.891500,0.681500
0.886500,0.674000
0.891500,0.671000
0.875000,0.687000
0.882500,0.700000
0.889500,0.687500
0.886500,0.690500
0.896000,0.686000
0.889000,0.696500
0.885500,0.687500
0.889000,0.688500
0.883000,0.694000
0.885000,0.693000
0.889500,0.694500
0.885500,0.683500
0.882500,0.698000
0.889500,0.690500
0.896500,0.698000
0.886500,0.690000
0.889000,0.690000
0.894500,0.674000
0.897500,0.688000
0.877000,0.701500
0.873500,0.693500
0.897000,0.691500
0.894500,0.688500
0.870500,0.691000
0.881000,0.684000
0.884000,0.683500
0.887500,0.692500
0.892500,0.710500
0.886500,0.696500
0.893000,0.671500
0.882500,0.698500
0.891500,0.703000
0.882000,0.686000
0.886500,0.697000
0.893000,0.694000
0.903000,0.697000
0.890500,0.717000
0.901000,0.704000
0.886500,0.711000
0.884000,0.686500
0.892500,0.712500
0.895000,0.695500
0.880000,0.709500
0.885000,0.701000
0.891000,0.692500
0.894500,0.703000
0.890500,0.688500
0.888500,0.698500
0.890500,0.699000
0.890500,0.697000
0.886000,0.705000
0.879000,0.702500
0.899000,0.703500
0.884000,0.705000
0.880500,0.709500
0.881500,0.714000
0.876500,0.701500
0.869500,0.696000
0.896000,0.706000
0.892500,0.714000
0.889000,0.714500
0.884000,0.704000
0.881500,0.716500
0.881500,0.699500
0.892500,0.708500
0.887500,0.692500
0.875500,0.709000
0.890000,0.709000
0.874500,0.701500
0.880500,0.687500
0.888000,0.704500
0.887000,0.698500
0.893000,0.687500
0.881500,0.704000
0.889000,0.696000
0.892000,0.700500
0.885500,0.697000
0.890000,0.706000
0.888000,0.703000
0.897000,0.703500
0.888500,0.706000
0.899500,0.705000
0.892000,0.710500
0.892000,0.708500
0.899500,0.709500
0.886000,0.711500
0.891000,0.717500
0.893000,0.718000
0.878500,0.697500
0.880000,0.708500
0.890500,0.710000
0.884500,0.711500
0.885500,0.704000
0.871000,0.705500
0.891000,0.716500
0.884500,0.695500
0.886000,0.696500
0.893500,0.708500
0.872500,0.708500
0.881500,0.717500
0.883500,0.712000
0.883500,0.706000
0.895000,0.719000
0.890000,0.707500
0.886500,0.717500
0.903000,0.715500
0.901000,0.707000
0.902500,0.708000
0.883000,0.691000
0.895500,0.710000
0.894500,0.708000
0.900000,0.714000
0.895000,0.705500
0.886500,0.717500
0.894500,0.713000
0.891500,0.713500
0.881500,0.700500
0.882000,0.715000
0.891500,0.701500
0.900500,0.705500
0.900000,0.696000
0.897500,0.711500
0.894500,0.712500
0.894500,0.728000
0.887500,0.712500
0.892500,0.723500
0.888500,0.711000
0.893500,0.706500
0.883000,0.712000
0.888000,0.723000
0.896000,0.715000
0.902000,0.713000
0.893500,0.712500
0.888500,0.730000
0.885000,0.720500
0.900500,0.715000
0.894000,0.710000
0.894000,0.723500
0.901500,0.724000
0.894000,0.711500
0.886000,0.721000
0.885000,0.713500
0.900500,0.711500
0.881500,0.709000
0.877000,0.716500
0.893500,0.700000
0.894500,0.722500
0.889500,0.713500
0.880500,0.709000
0.895000,0.706500
0.901000,0.721500
0.897000,0.721000
0.895500,0.714000
0.893500,0.715000
0.888500,0.718000
0.900500,0.716500
0.883000,0.719000
0.874500,0.743500
0.889000,0.710500
0.890000,0.714500
0.887500,0.725500
0.895000,0.724500
0.903500,0.723000
0.892000,0.722500
0.892500,0.723000
0.884000,0.708000
0.880000,0.722500
0.891000,0.731000
0.893000,0.727000
0.892000,0.712500
0.896000,0.719500
0.892000,0.726000
0.887000,0.715500
0.887000,0.711500
0.887500,0.721000
0.903500,0.743500
0.890500,0.722500
0.886000,0.714500
0.896500,0.729000
0.897500,0.715500
0.879500,0.736500
0.907000,0.726000
0.892000,0.727500
0.899500,0.719000
0.883500,0.726500
0.883500,0.733500
0.898000,0.718500
0.883500,0.733500
0.889500,0.722000
0.887000,0.721500
0.888000,0.736000
0.894500,0.715500
0.899000,0.720000
0.880000,0.732000
0.892500,0.741000
0.872000,0.733500
0.887000,0.720500
0.897000,0.721500
0.882000,0.742500
0.896500,0.735000
0.893000,0.729500
0.888500,0.720500
0.892000,0.743000
0.886500,0.718000
0.891500,0.737000
0.898500,0.736000
0.894000,0.718000
0.891500,0.731500
0.901000,0.717500
0.888000,0.729500
0.899000,0.724500
0.897000,0.716500
0.891500,0.719000
0.897000,0.721500
0.890000,0.738500
0.896000,0.729500
0.897500,0.738500
0.888500,0.728000
0.892500,0.735500
0.882500,0.732000
0.898000,0.743000
0.897500,0.740000
0.894500,0.723000
0.895500,0.732000
0.885000,0.734500
0.894000,0.725500
0.880000,0.729000
0.897500,0.732500
0.897000,0.736500
0.885000,0.724000
0.889500,0.733500
0.890500,0.716000
0.900000,0.719500
0.877000,0.724000
0.897000,0.733500
0.889000,0.740500
0.880500,0.736000
0.890500,0.726000
0.889500,0.730500
0.895500,0.731500
0.887000,0.740500
0.888000,0.737500
0.883000,0.729000
0.900000,0.731500
0.891000,0.738000
0.888500,0.729000
0.900500,0.739500
0.888500,0.738500
0.897000,0.740500
0.889000,0.723000
0.895000,0.726500
0.898500,0.722000
0.905500,0.729500
0.885500,0.731500
0.913000,0.734000
0.899500,0.733500
0.885500,0.738500
0.885500,0.738500
0.906000,0.731500
0.892000,0.747000
0.889000,0.740500
0.888000,0.737000
0.897000,0.728000
0.895500,0.729500
0.903500,0.740000
0.891000,0.732000
0.892000,0.750000
0.887000,0.734000
0.897500,0.748000
0.893500,0.749000
0.884500,0.741500
0.901500,0.746500
0.895000,0.729500
0.888500,0.732000
0.902500,0.745500
0.897000,0.728500
0.902000,0.740500
0.892000,0.731000
0.894500,0.740500
0.903500,0.739000
0.892500,0.750500
0.893000,0.737000
0.891000,0.735500
0.902500,0.739000
0.896000,0.735000
0.887500,0.739000
0.894500,0.732000
0.904500,0.735500
0.896500,0.745500
0.898000,0.721000
0.896000,0.739500
0.886000,0.738500
0.888000,0.751500
0.882500,0.743500
0.888500,0.741000
0.903000,0.752000
0.897500,0.733500
0.898500,0.751000
0.897500,0.755500
0.889000,0.745000
0.898500,0.757000
0.888000,0.751000
0.894500,0.756500
0.892000,0.742000
0.902000,0.733500
0.896000,0.738500
0.890500,0.733500
0.886500,0.740500
0.885000,0.730500
0.892000,0.747500
0.887000,0.744000
0.895500,0.751500
0.897500,0.744000
0.896500,0.729500
0.886000,0.739500
0.892500,0.740000
0.888000,0.739500
0.898500,0.746000
0.895500,0.746000
0.888000,0.741500
0.894500,0.742500
0.889500,0.742000
0.903000,0.741500
0.885500,0.740500
0.889500,0.743000
0.897000,0.742000
0.902000,0.749000
0.883500,0.738500
0.893000,0.749000
0.893000,0.748000
0.900500,0.742500
0.887500,0.746000
0.890500,0.733500
0.889000,0.753500
0.894000,0.750500
0.896500,0.755500
0.887500,0.739500
0.899500,0.743500
0.892500,0.751000
0.887000,0.745000
0.892000,0.730500
0.893500,0.756000
0.892500,0.750000
0.890500,0.733000
0.907500,0.748500
0.896500,0.731000
0.893500,0.749000
0.896500,0.744000
0.894000,0.748000
0.897500,0.737500
0.902000,0.747500
0.897500,0.743000
0.886500,0.749000
0.894000,0.747500
0.897500,0.743000
0.894000,0.747000
0.895000,0.746000
0.903000,0.741500
0.897000,0.755000
0.891500,0.755000
0.893500,0.740500
0.891500,0.739000
0.901000,0.757000
0.892000,0.739000
0.897500,0.751000
0.896000,0.754000
0.895500,0.748500
0.892500,0.744000
0.887000,0.752500
0.896000,0.739000
0.900000,0.737500
0.894500,0.754000
0.885000,0.749500
0.889000,0.759500
0.901500,0.741000
0.893500,0.756000
0.893500,0.744000
0.898500,0.741500
0.891000,0.753500
0.877000,0.749500
0.897500,0.762000
0.892000,0.747000
0.895500,0.749000
0.894000,0.753500
0.894000,0.748500
0.892500,0.748000
0.897500,0.756500
0.900500,0.755500
0.898500,0.757000
0.892500,0.754000
0.889500,0.745000
0.891000,0.742000
0.900500,0.744000
0.892500,0.750500
0.889500,0.749500
0.895500,0.758500
0.899000,0.753000
0.905000,0.765500
0.897500,0.763000
0.879500,0.743000
0.892500,0.750000
0.895000,0.750500
0.901500,0.744500
0.897500,0.742000
0.887500,0.755500
0.894500,0.749500
0.912500,0.754500
0.885500,0.753500
0.897000,0.755000
0.898500,0.753000
0.894000,0.756500
0.899000,0.759000
0.889500,0.759500
0.883500,0.748500
0.899000,0.756500
0.899000,0.755000
0.894000,0.744000
0.892000,0.742000
0.890500,0.748000
0.892500,0.760500
0.895000,0.757000
0.893000,0.743000
0.883500,0.755500
0.905000,0.754000
0.892000,0.747500
0.899500,0.761500
0.889500,0.749000
0.899500,0.754500
0.889000,0.749500
0.884000,0.756000
0.895500,0.751500
0.901000,0.760500
0.887000,0.760000
0.891000,0.760000
0.899000,0.768500
0.888000,0.763500
0.903500,0.744500
0.901000,0.757500
0.891000,0.738000
0.891500,0.751500
0.888500,0.756500
0.909500,0.756500
0.890500,0.757500
0.902000,0.753000
0.891000,0.781000
0.892500,0.758500
0.893000,0.761500
0.899000,0.769500
0.895500,0.754000
0.892500,0.763000
0.888500,0.746500
0.895000,0.753500
0.903000,0.765500
0.898500,0.772000
0.890000,0.738500
0.901500,0.752000
0.890500,0.760000
0.895000,0.749500
0.896000,0.748500
0.887000,0.762000
0.902500,0.760000
0.890000,0.752000
0.897500,0.763000
0.872000,0.756500
0.898000,0.749500
0.887000,0.751000
0.889000,0.763000
0.891000,0.765500
0.904500,0.769500
0.887000,0.760500
0.906500,0.752500
0.882500,0.748500
0.890000,0.761000
0.909000,0.768500
0.888000,0.754500
0.892000,0.760500
0.901500,0.755000
0.896000,0.750000
0.893500,0.767500
0.903500,0.766500
0.890000,0.771500
0.901000,0.766000
0.901000,0.763500
0.896500,0.763000
0.889500,0.757500
0.894500,0.767000
0.899000,0.756000
0.889000,0.763000
0.893000,0.754500
0.895500,0.757500
0.902000,0.769000
0.900500,0.754500
0.893500,0.760500
0.905500,0.762500
0.905000,0.765000
0.893000,0.761000
863.979980,87.454247
