0.034860,0.000000
0.007097,0.000000
0.029334,0.000000
0.012440,0.000000
0.017194,0.000000
0.006147,0.000000
0.058721,0.000000
0.012411,0.000000
0.027799,0.000000
0.012172,0.000000
0.001167,0.000000
-0.005767,0.000000
-0.008690,0.000000
-0.005396,0.000000
-0.005005,0.000000
-0.011561,0.000000
0.002593,0.000000
0.002409,0.000000
0.006832,0.000000
0.043779,0.000000
-0.029214,0.000000
0.035524,0.000000
-0.020320,0.000000
-0.010064,0.000000
0.014638,0.000000
-0.026767,0.000000
0.014091,0.000000
0.004156,0.000000
-0.010673,0.000000
-0.018361,0.000000
-0.019523,0.000000
0.026540,0.000000
-0.013311,0.000000
0.035017,0.000000
0.021107,0.000000
0.020803,0.000000
-0.003687,0.000000
-0.001807,0.000000
0.003574,0.000000
0.015926,0.000000
0.026509,0.000000
0.010748,0.000000
0.009549,0.000000
-0.013488,0.000000
-0.021717,0.000000
0.006489,0.000000
0.006701,0.000000
-0.007421,0.000000
0.002157,0.000000
0.001079,0.000000
-0.022617,0.000000
-0.015480,0.000000
0.040978,0.000000
-0.018324,0.000000
0.024643,0.000000
0.015863,0.000000
0.015216,0.000000
-0.005575,0.000000
-0.013844,0.000000
0.000671,0.000000
-0.008502,0.000000
0.054939,0.000000
-0.006792,0.000000
-0.012194,0.000000
0.017413,0.000000
0.033023,0.000000
-0.037527,0.000000
0.000021,0.000000
0.014284,0.000000
-0.005098,0.000000
0.012360,0.000000
0.014788,0.000000
0.037434,0.000000
-0.000750,0.000000
-0.014992,0.000000
0.006944,0.000000
-0.003729,0.000000
0.022524,0.000000
-0.012588,0.000000
-0.017504,0.000000
-0.011458,0.000000
-0.031508,0.000000
-0.016056,0.000000
0.001706,0.000000
0.002735,0.000000
-0.017806,0.000000
0.027828,0.000000
-0.000621,0.000000
0.024182,0.000000
-0.045569,0.000000
-0.006476,0.000000
0.008424,0.000000
0.021531,0.000000
0.023023,0.000000
0.019458,0.000000
-0.022087,0.000000
0.009205,0.000000
0.007761,0.000000
0.034912,0.000000
0.045107,0.000000
0.034753,0.000000
-0.022134,0.000000
-0.028810,0.000000
-0.017239,0.000000
0.014838,0.000000
-0.014194,0.000000
0.012692,0.000000
0.025800,0.000000
-0.004208,0.000000
-0.007564,0.000000
-0.015984,0.000000
-0.002326,0.000000
0.013041,0.000000
0.004882,0.000000
-0.034578,0.000000
0.020898,0.000000
0.000949,0.000000
-0.018025,0.000000
0.038963,0.000000
-0.019437,0.000000
0.031852,0.000000
-0.001684,0.000000
0.003440,0.000000
-0.050964,0.000000
0.026500,0.000000
0.015544,0.000000
0.010382,0.000000
0.003596,0.000000
0.033308,0.000000
-0.005898,0.000000
-0.014081,0.000000
-0.000444,0.000000
0.000286,0.000000
-0.005081,0.000000
0.004583,0.000000
-0.016590,0.000000
0.013675,0.000000
0.003348,0.000000
0.008822,0.000000
0.006299,0.000000
0.014771,0.000000
0.004804,0.000000
-0.003083,0.000000
0.004618,0.000000
-0.014664,0.000000
0.014475,0.000000
0.037214,0.000000
-0.050550,0.000000
0.009984,0.000000
-0.013202,0.000000
0.002403,0.000000
0.019858,0.000000
0.014068,0.000000
0.034172,0.000000
-0.001570,0.000000
0.031552,0.000000
0.001089,0.000000
-0.003362,0.000000
0.019479,0.000000
-0.025397,0.000000
0.018446,0.000000
-0.002802,0.000000
-0.023728,0.000000
-0.003375,0.000000
0.025654,0.000000
0.019161,0.000000
0.004731,0.000000
0.046156,0.000000
-0.001164,0.000000
-0.046497,0.000000
0.020542,0.000000
0.018031,0.000000
-0.005753,0.000000
0.003135,0.000000
0.012297,0.000000
-0.012496,0.000000
-0.023229,0.000000
0.042703,0.000000
-0.041093,0.000000
-0.005283,0.000000
0.006726,0.000000
-0.010697,0.000000
0.018461,0.000000
-0.007760,0.000000
-0.017866,0.000000
0.008594,0.000000
0.036858,0.000000
-0.014705,0.000000
0.006208,0.000000
0.003681,0.000000
-0.014723,0.000000
0.029287,0.000000
0.042496,0.000000
0.030984,0.000000
-0.024281,0.000000
-0.012410,0.000000
0.030017,0.000000
0.010652,0.000000
0.027638,0.000000
-0.007290,0.000000
0.021757,0.000000
-0.021177,0.000000
-0.011043,0.000000
0.040329,0.000000
0.001793,0.000000
0.032642,0.000000
0.012960,0.000000
-0.016845,0.000000
0.064889,0.000000
0.020610,0.000000
0.009268,0.000000
0.007397,0.000000
0.005566,0.000000
0.030672,0.000000
0.009641,0.000000
0.035139,0.000000
0.006626,0.000000
0.023065,0.000000
-0.005985,0.000000
0.012570,0.000000
-0.001495,0.000000
0.050016,0.000000
-0.010318,0.000000
0.030205,0.000000
0.012788,0.000000
-0.018636,0.000000
-0.011582,0.000000
0.045262,0.000000
0.040450,0.000000
-0.040736,0.000000
-0.012086,0.000000
0.018286,0.000000
0.028834,0.000000
0.002784,0.000000
0.036680,0.000000
-0.029340,0.000000
0.002219,0.000000
0.009307,0.000000
0.015150,0.000000
0.027295,0.000000
0.007871,0.000000
0.019623,0.000000
-0.029306,0.000000
-0.021812,0.000000
-0.031606,0.000000
0.014549,0.000000
0.012049,0.000000
0.031415,0.000000
-0.007862,0.000000
-0.051146,0.000000
-0.020118,0.000000
0.027604,0.000000
0.012176,0.000000
0.036367,0.000000
0.030842,0.000000
0.003763,0.000000
0.031389,0.000000
0.008891,0.000000
0.001430,0.000000
-0.019722,0.000000
0.036760,0.000000
0.020738,0.000000
-0.012560,0.000000
0.010687,0.000000
-0.011479,0.000000
-0.005080,0.000000
-0.041454,0.000000
0.002988,0.000000
0.028795,0.000000
-0.025676,0.000000
0.002017,0.000000
0.005832,0.000000
-0.042211,0.000000
0.005749,0.000000
-0.010968,0.000000
-0.020623,0.000000
-0.005437,0.000000
0.029389,0.000000
0.012970,0.000000
-0.027027,0.000000
-0.022002,0.000000
-0.002950,0.000000
0.024446,0.000000
-0.045702,0.000000
0.060858,0.000000
-0.018832,0.000000
0.035916,0.000000
0.013974,0.000000
0.020599,0.000000
0.029995,0.000000
0.004919,0.000000
0.013538,0.000000
0.036186,0.000000
0.032276,0.000000
-0.002921,0.000000
0.006893,0.000000
-0.014041,0.000000
0.004713,0.000000
0.025172,0.000000
0.024703,0.000000
-0.024916,0.000000
0.047195,0.000000
-0.012782,0.000000
0.000486,0.000000
0.001584,0.000000
-0.017200,0.000000
-0.026779,0.000000
-0.000672,0.000000
0.011477,0.000000
0.003748,0.000000
0.006348,0.000000
-0.001539,0.000000
0.026534,0.000000
0.008998,0.000000
0.029797,0.000000
0.015087,0.000000
0.016837,0.000000
-0.021090,0.000000
0.014686,0.000000
-0.018327,0.000000
0.035537,0.000000
0.011318,0.000000
-0.010297,0.000000
-0.001429,0.000000
0.041624,0.000000
0.012452,0.000000
0.037719,0.000000
-0.036417,0.000000
0.020088,0.000000
0.005720,0.000000
-0.005028,0.000000
0.004436,0.000000
0.005890,0.000000
0.004480,0.000000
0.040188,0.000000
0.004254,0.000000
0.023317,0.000000
0.000515,0.000000
0.012039,0.000000
0.024559,0.000000
-0.006039,0.000000
0.022749,0.000000
-0.014594,0.000000
0.020943,0.000000
-0.013615,0.000000
-0.006269,0.000000
0.048692,0.000000
0.018660,0.000000
0.046982,0.000000
-0.031814,0.000000
-0.004145,0.000000
0.016497,0.000000
0.069738,0.000000
0.037239,0.000000
0.005269,0.000000
-0.005239,0.000000
0.063423,0.000000
0.000781,0.000000
0.011097,0.000000
0.027989,0.000000
-0.010056,0.000000
0.002112,0.000000
-0.014826,0.000000
-0.009585,0.000000
-0.022950,0.000000
0.024444,0.000000
-0.002202,0.000000
0.001205,0.000000
0.006091,0.000000
-0.003855,0.000000
-0.011359,0.000000
0.015852,0.000000
-0.020869,0.000000
0.020737,0.000000
0.015194,0.000000
0.008740,0.000000
-0.002562,0.000000
-0.009774,0.000000
-0.010880,0.000000
0.025544,0.000000
-0.018309,0.000000
-0.027246,0.000000
0.030402,0.000000
0.005560,0.000000
0.007801,0.000000
0.016315,0.000000
-0.017769,0.000000
0.005323,0.000000
0.034550,0.000000
0.029696,0.000000
-0.030921,0.000000
0.013365,0.000000
-0.032623,0.000000
0.021247,0.000000
-0.020913,0.000000
0.001741,0.000000
0.030449,0.000000
-0.046426,0.000000
-0.028895,0.000000
0.023268,0.000000
0.024836,0.000000
0.061303,0.000000
0.041033,0.000000
0.012617,0.000000
-0.011887,0.000000
0.025794,0.000000
-0.011970,0.000000
-0.009234,0.000000
-0.012839,0.000000
0.032855,0.000000
0.000303,0.000000
-0.000633,0.000000
-0.012825,0.000000
0.010181,0.000000
0.027131,0.000000
0.006531,0.000000
-0.009988,0.000000
-0.021058,0.000000
-0.000393,0.000000
0.007023,0.000000
-0.030860,0.000000
0.012872,0.000000
-0.009310,0.000000
0.026322,0.000000
-0.014051,0.000000
0.046855,0.000000
0.016343,0.000000
-0.007179,0.000000
0.009104,0.000000
0.001300,0.000000
0.026094,0.000000
0.033921,0.000000
-0.002449,0.000000
-0.018646,0.000000
0.017641,0.000000
0.005184,0.000000
-0.049555,0.000000
0.019653,0.000000
0.018678,0.000000
0.032764,0.000000
0.008320,0.000000
-0.003272,0.000000
0.018200,0.000000
0.021748,0.000000
0.013002,0.000000
-0.037719,0.000000
-0.015350,0.000000
0.021156,0.000000
0.048872,0.000000
0.021557,0.000000
0.012761,0.000000
0.002393,0.000000
-0.002430,0.000000
0.024703,0.000000
-0.022503,0.000000
0.016800,0.000000
0.034842,0.000000
0.030162,0.000000
-0.003269,0.000000
0.025104,0.000000
0.035022,0.000000
-0.008083,0.000000
0.037654,0.000000
0.033385,0.000000
0.025092,0.000000
0.020517,0.000000
0.041672,0.000000
0.042127,0.000000
-0.018221,0.000000
0.016255,0.000000
0.013478,0.000000
-0.001938,0.000000
-0.011076,0.000000
0.015131,0.000000
0.005268,0.000000
0.004279,0.000000
-0.003524,0.000000
-0.024310,0.000000
0.011053,0.000000
-0.008767,0.000000
-0.000119,0.000000
-0.031822,0.000000
-0.002762,0.000000
0.016456,0.000000
0.040447,0.000000
-0.035459,0.000000
0.010783,0.000000
0.019728,0.000000
0.025929,0.000000
-0.034797,0.000000
-0.028542,0.000000
0.005057,0.000000
0.034118,0.000000
0.005755,0.000000
0.003403,0.000000
0.017173,0.000000
0.000034,0.000000
0.025106,0.000000
0.027389,0.000000
0.020041,0.000000
-0.001201,0.000000
-0.015334,0.000000
0.026010,0.000000
0.021140,0.000000
0.046671,0.000000
-0.005099,0.000000
0.009179,0.000000
0.018863,0.000000
-0.002973,0.000000
-0.009577,0.000000
0.017584,0.000000
-0.015884,0.000000
-0.024302,0.000000
-0.020535,0.000000
0.014598,0.000000
-0.014971,0.000000
-0.037512,0.000000
0.006682,0.000000
0.041675,0.000000
0.006041,0.000000
-0.007646,0.000000
-0.000662,0.000000
0.012758,0.000000
-0.018349,0.000000
0.038921,0.000000
-0.014956,0.000000
-0.024025,0.000000
-0.033242,0.000000
0.023044,0.000000
0.006753,0.000000
-0.009616,0.000000
0.004861,0.000000
-0.050234,0.000000
0.014757,0.000000
0.003740,0.000000
-0.003462,0.000000
0.017655,0.000000
-0.000587,0.000000
0.006207,0.000000
0.027306,0.000000
-0.023443,0.000000
0.004755,0.000000
0.021804,0.000000
0.016400,0.000000
0.036702,0.000000
-0.005486,0.000000
-0.018809,0.000000
0.001916,0.000000
-0.003171,0.000000
0.000329,0.000000
-0.049956,0.000000
0.016484,0.000000
-0.004880,0.000000
-0.046297,0.000000
0.025039,0.000000
0.028462,0.000000
0.008502,0.000000
-0.029609,0.000000
0.002447,0.000000
0.009019,0.000000
0.038952,0.000000
-0.007887,0.000000
-0.003239,0.000000
0.029829,0.000000
0.019621,0.000000
0.015620,0.000000
-0.002462,0.000000
0.033348,0.000000
0.018171,0.000000
0.003593,0.000000
0.035648,0.000000
-0.012220,0.000000
-0.016848,0.000000
-0.031711,0.000000
0.022364,0.000000
0.027039,0.000000
0.006502,0.000000
0.015991,0.000000
0.015353,0.000000
0.042392,0.000000
-0.005286,0.000000
-0.021015,0.000000
0.010794,0.000000
-0.006953,0.000000
-0.011594,0.000000
-0.023491,0.000000
0.036022,0.000000
0.019805,0.000000
0.005041,0.000000
0.005968,0.000000
-0.028214,0.000000
-0.029743,0.000000
-0.040154,0.000000
0.012523,0.000000
0.028416,0.000000
0.022360,0.000000
-0.033913,0.000000
-0.006978,0.000000
0.009306,0.000000
-0.009182,0.000000
0.059562,0.000000
-0.022696,0.000000
0.045834,0.000000
-0.001827,0.000000
0.032526,0.000000
0.004630,0.000000
0.023382,0.000000
-0.004755,0.000000
0.032688,0.000000
0.003037,0.000000
-0.010876,0.000000
0.008560,0.000000
0.023094,0.000000
-0.049614,0.000000
-0.005665,0.000000
0.021947,0.000000
-0.022864,0.000000
0.041897,0.000000
-0.018413,0.000000
-0.019263,0.000000
-0.006952,0.000000
-0.009389,0.000000
0.023834,0.000000
0.015830,0.000000
0.029624,0.000000
-0.023160,0.000000
0.016986,0.000000
0.017103,0.000000
0.001453,0.000000
0.002238,0.000000
0.032332,0.000000
-0.010072,0.000000
0.027715,0.000000
0.024312,0.000000
-0.003830,0.000000
0.014135,0.000000
0.021292,0.000000
-0.001647,0.000000
-0.022014,0.000000
0.003588,0.000000
0.012286,0.000000
-0.012926,0.000000
0.026910,0.000000
-0.007113,0.000000
0.005374,0.000000
0.066370,0.000000
0.034935,0.000000
0.026938,0.000000
0.007913,0.000000
0.019428,0.000000
-0.028976,0.000000
-0.024252,0.000000
0.016392,0.000000
-0.003007,0.000000
-0.003502,0.000000
-0.019049,0.000000
-0.015535,0.000000
-0.022207,0.000000
0.020783,0.000000
0.013461,0.000000
-0.020862,0.000000
-0.001719,0.000000
0.011196,0.000000
0.028842,0.000000
-0.005183,0.000000
0.030378,0.000000
-0.014932,0.000000
-0.001375,0.000000
0.010108,0.000000
0.018946,0.000000
-0.014375,0.000000
-0.030588,0.000000
0.019564,0.000000
-0.023116,0.000000
0.028598,0.000000
-0.000827,0.000000
-0.017965,0.000000
0.007967,0.000000
-0.007220,0.000000
0.033524,0.000000
-0.030442,0.000000
-0.014578,0.000000
0.013210,0.000000
-0.013914,0.000000
-0.020978,0.000000
0.003995,0.000000
0.003784,0.000000
-0.011728,0.000000
-0.007740,0.000000
0.028867,0.000000
-0.010365,0.000000
0.017364,0.000000
-0.025599,0.000000
-0.003476,0.000000
0.021971,0.000000
0.052532,0.000000
0.023116,0.000000
0.012789,0.000000
-0.005939,0.000000
0.023720,0.000000
-0.024769,0.000000
-0.005450,0.000000
0.043492,0.000000
0.000153,0.000000
-0.017055,0.000000
-0.034204,0.000000
0.006566,0.000000
0.030266,0.000000
0.019882,0.000000
-0.002361,0.000000
0.002735,0.000000
0.021129,0.000000
0.000939,0.000000
0.014043,0.000000
0.002594,0.000000
-0.016948,0.000000
-0.013877,0.000000
0.005367,0.000000
-0.040681,0.000000
-0.021028,0.000000
-0.014716,0.000000
-0.008737,0.000000
-0.050159,0.000000
0.002851,0.000000
-0.012025,0.000000
-0.011188,0.000000
-0.009583,0.000000
0.049974,0.000000
-0.011314,0.000000
0.014093,0.000000
-0.025054,0.000000
0.007858,0.000000
0.022643,0.000000
-0.015993,0.000000
-0.001743,0.000000
0.021513,0.000000
0.019415,0.000000
-0.027078,0.000000
-0.005018,0.000000
-0.007303,0.000000
0.044691,0.000000
-0.018934,0.000000
0.001464,0.000000
-0.020002,0.000000
0.012529,0.000000
0.015778,0.000000
0.022932,0.000000
0.028646,0.000000
-0.014570,0.000000
0.001000,0.000000
0.017686,0.000000
0.033867,0.000000
-0.009544,0.000000
-0.011892,0.000000
0.000790,0.000000
0.006575,0.000000
0.000228,0.000000
-0.034498,0.000000
0.017166,0.000000
0.023803,0.000000
0.030590,0.000000
-0.011125,0.000000
0.002756,0.000000
0.052523,0.000000
0.027417,0.000000
-0.004669,0.000000
0.020174,0.000000
-0.001435,0.000000
0.009694,0.000000
0.030514,0.000000
0.016115,0.000000
0.012337,0.000000
-0.024093,0.000000
-0.000164,0.000000
0.028592,0.000000
-0.026802,0.000000
-0.006177,0.000000
-0.001910,0.000000
-0.010503,0.000000
-0.005758,0.000000
-0.026362,0.000000
0.026221,0.000000
0.012687,0.000000
-0.009096,0.000000
-0.018302,0.000000
-0.006605,0.000000
0.022731,0.000000
0.012481,0.000000
0.013233,0.000000
0.004182,0.000000
0.020003,0.000000
-0.006701,0.000000
0.002605,0.000000
0.022204,0.000000
-0.011728,0.000000
-0.000220,0.000000
-0.015043,0.000000
0.013885,0.000000
0.009064,0.000000
0.034535,0.000000
0.018610,0.000000
0.006353,0.000000
0.018187,0.000000
-0.025348,0.000000
-0.018193,0.000000
0.010585,0.000000
0.009992,0.000000
0.014928,0.000000
0.004165,0.000000
0.000797,0.000000
-0.003231,0.000000
-0.009508,0.000000
0.033213,0.000000
-0.001936,0.000000
0.038541,0.000000
0.012564,0.000000
0.000566,0.000000
0.035140,0.000000
-0.026431,0.000000
-0.018048,0.000000
-0.015860,0.000000
-0.000282,0.000000
0.000059,0.000000
0.003288,0.000000
-0.010438,0.000000
0.026835,0.000000
0.001105,0.000000
-0.024458,0.000000
0.016830,0.000000
0.008812,0.000000
0.013356,0.000000
-0.028360,0.000000
0.012494,0.000000
0.008389,0.000000
0.022025,0.000000
0.017228,0.000000
0.021622,0.000000
0.003978,0.000000
-0.015373,0.000000
0.023596,0.000000
0.001894,0.000000
0.013337,0.000000
-0.008996,0.000000
-0.010624,0.000000
0.001350,0.000000
-0.018496,0.000000
0.002783,0.000000
0.028139,0.000000
0.038594,0.000000
-0.028408,0.000000
0.040591,0.000000
0.023053,0.000000
0.050391,0.000000
-0.019608,0.000000
-0.016495,0.000000
0.013027,0.000000
-0.025852,0.000000
-0.058937,0.000000
0.041321,0.000000
0.037963,0.000000
-0.016718,0.000000
0.017549,0.000000
-0.032781,0.000000
0.003642,0.000000
-0.006445,0.000000
-0.012147,0.000000
0.011343,0.000000
0.039965,0.000000
-0.032529,0.000000
-0.009047,0.000000
-0.021452,0.000000
0.000758,0.000000
0.006359,0.000000
0.013830,0.000000
0.005468,0.000000
0.016997,0.000000
0.017692,0.000000
-0.058253,0.000000
-0.002975,0.000000
0.010001,0.000000
-0.033244,0.000000
-0.013591,0.000000
0.026403,0.000000
-0.010917,0.000000
0.031211,0.000000
0.027385,0.000000
0.044154,0.000000
-0.046627,0.000000
-0.011378,0.000000
0.025286,0.000000
0.006934,0.000000
0.018508,0.000000
-0.005296,0.000000
0.012206,0.000000
-0.004326,0.000000
0.059219,0.000000
0.011876,0.000000
-0.002478,0.000000
-0.006061,0.000000
0.023921,0.000000
0.034365,0.000000
0.028884,0.000000
0.019446,0.000000
-0.005366,0.000000
0.032995,0.000000
0.029008,0.000000
-0.017671,0.000000
0.008654,0.000000
-0.009234,0.000000
0.006410,0.000000
0.033507,0.000000
-0.009384,0.000000
0.010251,0.000000
0.042163,0.000000
0.021918,0.000000
0.040174,0.000000
0.012620,0.000000
0.015638,0.000000
0.052220,0.000000
-0.013681,0.000000
-0.005594,0.000000
-0.008108,0.000000
-0.003187,0.000000
0.004159,0.000000
-0.019182,0.000000
-0.035400,0.000000
0.013316,0.000000
-0.010011,0.000000
0.004952,0.000000
0.005826,0.000000
-0.005531,0.000000
0.011453,0.000000
-0.052529,0.000000
-0.006212,0.000000
-0.000147,0.000000
-0.019849,0.000000
0.026439,0.000000
-0.006156,0.000000
0.018131,0.000000
-0.011610,0.000000
0.008783,0.000000
0.025247,0.000000
-0.013377,0.000000
0.024345,0.000000
0.040604,0.000000
-0.032233,0.000000
0.015773,0.000000
0.023713,0.000000
0.030855,0.000000
0.026946,0.000000
0.023532,0.000000
0.025461,0.000000
-0.017053,0.000000
-0.033700,0.000000
0.009067,0.000000
-0.010634,0.000000
0.007682,0.000000
0.007244,0.000000
0.021960,0.000000
-0.035660,0.000000
0.020025,0.000000
0.032131,0.000000
0.036220,0.000000
-0.022748,0.000000
0.013508,0.000000
0.002149,0.000000
0.007231,0.000000
-0.013894,0.000000
-0.055020,0.000000
0.021780,0.000000
0.024380,0.000000
0.023572,0.000000
-0.017624,0.000000
0.023543,0.000000
0.025483,0.000000
0.021633,0.000000
0.033981,0.000000
0.014380,0.000000
-0.014257,0.000000
-0.012511,0.000000
-0.001028,0.000000
-0.000117,0.000000
0.003980,0.000000
-0.002353,0.000000
0.005955,0.000000
0.033915,0.000000
-0.006095,0.000000
0.056121,0.000000
0.017285,0.000000
0.040680,0.000000
0.029988,0.000000
0.011939,0.000000
0.009304,0.000000
0.005133,0.000000
0.000227,0.000000
0.018895,0.000000
0.001123,0.000000
0.002023,0.000000
-0.001665,0.000000
0.011523,0.000000
0.003568,0.000000
0.006469,0.000000
-0.007894,0.000000
-0.005470,0.000000
0.009077,0.000000
-0.001324,0.000000
-0.004274,0.000000
-0.012933,0.000000
0.013139,0.000000
-0.050509,0.000000
0.051212,0.000000
-0.026870,0.000000
-0.050539,0.000000
-0.019143,0.000000
0.002440,0.000000
0.021037,0.000000
-0.009588,0.000000
0.010644,0.000000
-0.010069,0.000000
-0.018601,0.000000
-0.023139,0.000000
-0.030085,0.000000
-0.007069,0.000000
0.001111,0.000000
-0.002077,0.000000
0.021704,0.000000
-0.029956,0.000000
0.028002,0.000000
0.038958,0.000000
-0.001821,0.000000
0.015285,0.000000
0.020604,0.000000
-0.021137,0.000000
0.031792,0.000000
0.030033,0.000000
0.012476,0.000000
-0.024900,0.000000
-0.008363,0.000000
-0.003286,0.000000
-0.012570,0.000000
0.001582,0.000000
0.014879,0.000000
-0.005670,0.000000
0.004956,0.000000
-0.001947,0.000000
-0.018807,0.000000
0.032939,0.000000
-0.051732,0.000000
0.028367,0.000000
0.013703,0.000000
-0.015603,0.000000
0.026484,0.000000
0.012090,0.000000
-0.000057,0.000000
-0.028503,0.000000
-0.010093,0.000000
-0.010107,0.000000
-0.001101,0.000000
0.019689,0.000000
-0.027606,0.000000
-0.002928,0.000000
-0.039764,0.000000
0.040171,0.000000
0.015097,0.000000
-0.008982,0.000000
0.023330,0.000000
0.025527,0.000000
0.001392,0.000000
-0.005239,0.000000
-0.015791,0.000000
0.007440,0.000000
0.024826,0.000000
0.043375,0.000000
-0.006085,0.000000
0.014244,0.000000
0.034899,0.000000
0.013497,0.000000
-0.003970,0.000000
0.003100,0.000000
0.007971,0.000000
0.026871,0.000000
0.004052,0.000000
-0.011492,0.000000
0.032488,0.000000
0.004364,0.000000
0.005174,0.000000
-0.033811,0.000000
-0.021465,0.000000
0.001094,0.000000
-0.027394,0.000000
0.041531,0.000000
0.009256,0.000000
0.016517,0.000000
-0.019168,0.000000
-0.009947,0.000000
-0.018927,0.000000
-0.001952,0.000000
-0.036334,0.000000
-0.003751,0.000000
0.014430,0.000000
0.012958,0.000000
-0.009930,0.000000
0.063479,0.000000
0.026409,0.000000
-0.010931,0.000000
0.004938,0.000000
-0.000576,0.000000
0.040960,0.000000
0.018741,0.000000
0.017670,0.000000
0.014309,0.000000
0.014221,0.000000
0.026081,0.000000
-0.001530,0.000000
0.030568,0.000000
-0.025665,0.000000
-0.002688,0.000000
0.036542,0.000000
-0.028886,0.000000
-0.015290,0.000000
0.006756,0.000000
0.012560,0.000000
0.059797,0.000000
-0.003904,0.000000
-0.016873,0.000000
0.021208,0.000000
0.007837,0.000000
0.005588,0.000000
-0.007581,0.000000
-0.015688,0.000000
0.022258,0.000000
0.024952,0.000000
0.006211,0.000000
0.025192,0.000000
0.022963,0.000000
0.015529,0.000000
0.017673,0.000000
-0.000940,0.000000
-0.000549,0.000000
0.000297,0.000000
0.007566,0.000000
0.036405,0.000000
0.028169,0.000000
-0.033893,0.000000
0.017558,0.000000
-0.011131,0.000000
0.006609,0.000000
0.057134,0.000000
0.015932,0.000000
0.033274,0.000000
-0.002979,0.000000
-0.014372,0.000000
-0.023759,0.000000
0.021057,0.000000
-0.051356,0.000000
0.028955,0.000000
-0.003871,0.000000
-0.022466,0.000000
-0.004687,0.000000
-0.032156,0.000000
-0.013888,0.000000
0.019208,0.000000
-0.007373,0.000000
-0.004551,0.000000
0.019704,0.000000
-0.013901,0.000000
-0.015733,0.000000
0.012874,0.000000
0.048321,0.000000
0.014489,0.000000
0.010234,0.000000
-0.018800,0.000000
0.013763,0.000000
0.044209,0.000000
0.014088,0.000000
-0.010935,0.000000
0.003160,0.000000
0.000601,0.000000
-0.011316,0.000000
0.030383,0.000000
-0.013580,0.000000
0.005609,0.000000
-0.007633,0.000000
-0.041459,0.000000
0.000890,0.000000
-0.005655,0.000000
0.008125,0.000000
-0.000746,0.000000
-0.050207,0.000000
-0.020098,0.000000
0.001894,0.000000
0.000259,0.000000
0.026788,0.000000
0.032368,0.000000
0.004158,0.000000
-0.026057,0.000000
-0.038375,0.000000
0.024270,0.000000
0.028362,0.000000
0.028512,0.000000
0.028765,0.000000
-0.020934,0.000000
-0.001264,0.000000
-0.008480,0.000000
0.000756,0.000000
0.006001,0.000000
-0.000587,0.000000
-0.008917,0.000000
0.028569,0.000000
-0.001285,0.000000
-0.011217,0.000000
-0.006489,0.000000
0.011798,0.000000
0.001405,0.000000
0.041027,0.000000
-0.002175,0.000000
-0.006200,0.000000
0.026494,0.000000
0.014318,0.000000
0.018933,0.000000
-0.008443,0.000000
0.039352,0.000000
0.000984,0.000000
0.030579,0.000000
0.001958,0.000000
0.015801,0.000000
0.026885,0.000000
-0.013042,0.000000
0.018010,0.000000
0.002971,0.000000
-0.008820,0.000000
0.011683,0.000000
-0.001405,0.000000
0.000098,0.000000
0.017725,0.000000
0.010724,0.000000
-0.002416,0.000000
-0.025090,0.000000
0.011133,0.000000
-0.016237,0.000000
-0.010548,0.000000
-0.007780,0.000000
-0.031466,0.000000
0.006835,0.000000
-0.016228,0.000000
-0.026741,0.000000
-0.001499,0.000000
0.002368,0.000000
-0.012050,0.000000
0.012008,0.000000
0.004497,0.000000
0.009644,0.000000
0.013856,0.000000
0.016455,0.000000
-0.021087,0.000000
-0.012372,0.000000
0.036668,0.000000
0.024151,0.000000
0.020089,0.000000
0.027070,0.000000
0.007247,0.000000
-0.010388,0.000000
0.034581,0.000000
0.010878,0.000000
0.045421,0.000000
-0.001934,0.000000
0.008224,0.000000
0.002630,0.000000
-0.008835,0.000000
-0.014941,0.000000
0.012803,0.000000
-0.016134,0.000000
-0.004518,0.000000
0.017507,0.000000
0.036941,0.000000
0.017362,0.000000
-0.054696,0.000000
0.008593,0.000000
0.024591,0.000000
-0.000641,0.000000
0.025230,0.000000
0.034281,0.000000
-0.002291,0.000000
0.011351,0.000000
0.006610,0.000000
0.041380,0.000000
0.034880,0.000000
0.006229,0.000000
0.043146,0.000000
-0.038795,0.000000
0.044575,0.000000
0.036593,0.000000
0.019526,0.000000
0.042205,0.000000
-0.015624,0.000000
0.003262,0.000000
0.003429,0.000000
0.005188,0.000000
0.026266,0.000000
-0.011105,0.000000
0.007232,0.000000
-0.005254,0.000000
0.001858,0.000000
-0.011173,0.000000
0.004491,0.000000
0.028401,0.000000
0.008071,0.000000
0.003014,0.000000
-0.009596,0.000000
0.005499,0.000000
0.000941,0.000000
0.006615,0.000000
0.017509,0.000000
-0.005556,0.000000
-0.003406,0.000000
0.046936,0.000000
-0.011851,0.000000
0.008280,0.000000
0.014345,0.000000
0.034496,0.000000
-0.007870,0.000000
0.040852,0.000000
0.028044,0.000000
-0.016841,0.000000
0.058438,0.000000
0.010502,0.000000
-0.010252,0.000000
-0.017796,0.000000
0.015872,0.000000
0.019630,0.000000
0.023806,0.000000
0.018195,0.000000
0.020304,0.000000
-0.042596,0.000000
0.015871,0.000000
-0.000076,0.000000
-0.003996,0.000000
0.025575,0.000000
-0.026171,0.000000
-0.000833,0.000000
-0.011481,0.000000
-0.022176,0.000000
-0.005559,0.000000
0.013512,0.000000
-0.018670,0.000000
-0.033893,0.000000
0.005922,0.000000
-0.018859,0.000000
-0.027186,0.000000
0.021487,0.000000
0.067782,0.000000
-0.006927,0.000000
0.038035,0.000000
-0.023300,0.000000
0.004694,0.000000
-0.013594,0.000000
0.012115,0.000000
-0.006744,0.000000
0.013804,0.000000
0.003345,0.000000
-0.001235,0.000000
0.041681,0.000000
0.002131,0.000000
0.000533,0.000000
0.000809,0.000000
-0.013975,0.000000
-0.018125,0.000000
0.029276,0.000000
0.023072,0.000000
0.047389,0.000000
0.022278,0.000000
-0.023101,0.000000
-0.018195,0.000000
0.006141,0.000000
0.007694,0.000000
0.002910,0.000000
-0.003070,0.000000
0.008712,0.000000
-0.032170,0.000000
0.018937,0.000000
0.045959,0.000000
-0.049446,0.000000
-0.025964,0.000000
0.021588,0.000000
0.015226,0.000000
0.029416,0.000000
-0.003153,0.000000
-0.064194,0.000000
-0.015872,0.000000
0.006262,0.000000
0.051641,0.000000
0.013539,0.000000
-0.003927,0.000000
0.042726,0.000000
-0.020109,0.000000
-0.008466,0.000000
0.005349,0.000000
-0.024669,0.000000
0.012559,0.000000
-0.000688,0.000000
0.008826,0.000000
0.013793,0.000000
-0.004904,0.000000
-0.003089,0.000000
-0.022758,0.000000
0.017639,0.000000
-0.022924,0.000000
0.004287,0.000000
0.028191,0.000000
-0.005056,0.000000
-0.025059,0.000000
-0.009048,0.000000
0.012670,0.000000
0.029183,0.000000
-0.027479,0.000000
0.000187,0.000000
0.019354,0.000000
0.003983,0.000000
0.034359,0.000000
-0.007893,0.000000
0.004805,0.000000
-0.011993,0.000000
-0.036607,0.000000
-0.025183,0.000000
0.014062,0.000000
0.011353,0.000000
0.018715,0.000000
-0.015355,0.000000
-0.012294,0.000000
-0.012677,0.000000
-0.009318,0.000000
0.000149,0.000000
0.020809,0.000000
-0.024913,0.000000
-0.021532,0.000000
-0.016883,0.000000
-0.043298,0.000000
-0.001952,0.000000
0.000031,0.000000
0.030453,0.000000
-0.003233,0.000000
0.007130,0.000000
0.011301,0.000000
0.027980,0.000000
-0.000046,0.000000
0.019593,0.000000
-0.006605,0.000000
0.040937,0.000000
0.043214,0.000000
0.041256,0.000000
-0.002806,0.000000
0.010943,0.000000
-0.001465,0.000000
-0.020628,0.000000
0.019785,0.000000
-0.013569,0.000000
0.003017,0.000000
-0.017756,0.000000
0.011378,0.000000
0.018746,0.000000
-0.008626,0.000000
-0.003012,0.000000
-0.045066,0.000000
0.032043,0.000000
0.009305,0.000000
0.014980,0.000000
-0.005986,0.000000
0.003964,0.000000
0.004033,0.000000
-0.004650,0.000000
0.036065,0.000000
-0.000055,0.000000
0.039134,0.000000
0.006939,0.000000
0.011154,0.000000
0.024021,0.000000
0.017096,0.000000
-0.018595,0.000000
0.013951,0.000000
0.008647,0.000000
-0.003115,0.000000
-0.039335,0.000000
0.016576,0.000000
-0.034577,0.000000
-0.002999,0.000000
-0.012765,0.000000
-0.005091,0.000000
0.047943,0.000000
0.026238,0.000000
0.029904,0.000000
0.000207,0.000000
-0.023070,0.000000
0.005057,0.000000
0.044017,0.000000
0.020715,0.000000
-0.039428,0.000000
0.027464,0.000000
-0.040440,0.000000
0.010839,0.000000
0.007639,0.000000
-0.008553,0.000000
-0.016805,0.000000
-0.003132,0.000000
0.006839,0.000000
-0.011409,0.000000
-0.007118,0.000000
0.027423,0.000000
0.008525,0.000000
-0.041148,0.000000
0.012617,0.000000
-0.020064,0.000000
0.013554,0.000000
-0.013610,0.000000
0.003965,0.000000
0.020350,0.000000
-0.009338,0.000000
0.011494,0.000000
0.010314,0.000000
-0.006752,0.000000
0.002863,0.000000
-0.006446,0.000000
0.009453,0.000000
0.005880,0.000000
0.021290,0.000000
-0.002666,0.000000
0.000932,0.000000
0.024209,0.000000
0.029281,0.000000
-0.007689,0.000000
-0.059791,0.000000
0.030802,0.000000
0.002323,0.000000
-0.008633,0.000000
0.030822,0.000000
0.014222,0.000000
0.017350,0.000000
-0.007745,0.000000
0.017421,0.000000
0.056219,0.000000
-0.023063,0.000000
0.012928,0.000000
-0.017573,0.000000
-0.003755,0.000000
0.027417,0.000000
-0.005491,0.000000
-0.015480,0.000000
0.001448,0.000000
-0.007535,0.000000
0.008459,0.000000
0.035881,0.000000
-0.006168,0.000000
0.019533,0.000000
0.063550,0.000000
0.024274,0.000000
-0.036207,0.000000
0.005750,0.000000
0.001719,0.000000
0.025601,0.000000
0.001510,0.000000
0.027671,0.000000
0.023864,0.000000
0.006357,0.000000
-0.028931,0.000000
0.019893,0.000000
0.001326,0.000000
0.006395,0.000000
0.009316,0.000000
0.025391,0.000000
0.005784,0.000000
-0.039804,0.000000
0.010141,0.000000
-0.008130,0.000000
0.018785,0.000000
0.047123,0.000000
-0.014204,0.000000
-0.028080,0.000000
-0.029141,0.000000
0.001766,0.000000
-0.012164,0.000000
-0.014178,0.000000
-0.056651,0.000000
0.017651,0.000000
-0.008990,0.000000
-0.022085,0.000000
0.010975,0.000000
0.015190,0.000000
-0.009434,0.000000
0.028500,0.000000
0.058181,0.000000
0.015938,0.000000
-0.016071,0.000000
-0.004465,0.000000
0.020350,0.000000
0.004183,0.000000
-0.027851,0.000000
0.049053,0.000000
-0.010036,0.000000
0.032916,0.000000
-0.006601,0.000000
0.022161,0.000000
-0.024145,0.000000
-0.007300,0.000000
-0.000619,0.000000
-0.005983,0.000000
0.009604,0.000000
-0.002548,0.000000
0.029673,0.000000
-0.015396,0.000000
0.007023,0.000000
-0.001872,0.000000
-0.002867,0.000000
0.010651,0.000000
-0.007056,0.000000
0.047883,0.000000
0.001886,0.000000
-0.034068,0.000000
0.033163,0.000000
0.023310,0.000000
-0.019292,0.000000
0.030940,0.000000
-0.010321,0.000000
-0.002396,0.000000
0.037986,0.000000
-0.000769,0.000000
0.000866,0.000000
-0.003194,0.000000
0.007748,0.000000
0.012481,0.000000
0.032486,0.000000
0.007636,0.000000
0.028699,0.000000
0.051647,0.000000
0.014392,0.000000
0.002966,0.000000
-0.014464,0.000000
-0.053023,0.000000
-0.019569,0.000000
0.032210,0.000000
0.037706,0.000000
0.001174,0.000000
0.009681,0.000000
-0.001240,0.000000
-0.003202,0.000000
-0.011793,0.000000
-0.021890,0.000000
0.018935,0.000000
0.062705,0.000000
0.000997,0.000000
0.032442,0.000000
0.035482,0.000000
-0.028358,0.000000
-0.021247,0.000000
-0.003132,0.000000
-0.004048,0.000000
0.027767,0.000000
-0.003296,0.000000
-0.005320,0.000000
0.005224,0.000000
-0.013696,0.000000
0.008365,0.000000
-0.017130,0.000000
-0.000675,0.000000
0.039983,0.000000
-0.010917,0.000000
0.023342,0.000000
-0.013092,0.000000
-0.011711,0.000000
0.023558,0.000000
0.055468,0.000000
0.003400,0.000000
0.022825,0.000000
-0.019543,0.000000
-0.027495,0.000000
0.030323,0.000000
-0.004235,0.000000
-0.026371,0.000000
0.020188,0.000000
-0.028178,0.000000
0.009320,0.000000
-0.012396,0.000000
0.008413,0.000000
-0.038166,0.000000
-0.015560,0.000000
-0.033435,0.000000
-0.009855,0.000000
-0.006166,0.000000
-0.002951,0.000000
0.030865,0.000000
0.013582,0.000000
-0.019454,0.000000
0.017687,0.000000
-0.002666,0.000000
0.015271,0.000000
-0.025770,0.000000
-0.020135,0.000000
0.032807,0.000000
-0.009263,0.000000
-0.019807,0.000000
-0.056430,0.000000
0.018726,0.000000
-0.007743,0.000000
0.030377,0.000000
0.016222,0.000000
0.034661,0.000000
0.011034,0.000000
0.045909,0.000000
0.021918,0.000000
-0.003671,0.000000
-0.027526,0.000000
0.029500,0.000000
0.025114,0.000000
0.005533,0.000000
-0.033628,0.000000
0.010462,0.000000
0.010643,0.000000
-0.004915,0.000000
-0.003337,0.000000
-0.020420,0.000000
-0.024799,0.000000
0.027872,0.000000
-0.029377,0.000000
-0.032910,0.000000
0.002743,0.000000
0.034937,0.000000
0.003863,0.000000
-0.005563,0.000000
-0.008793,0.000000
-0.007489,0.000000
0.008799,0.000000
-0.018882,0.000000
-0.009590,0.000000
0.009017,0.000000
0.008557,0.000000
-0.017186,0.000000
0.029469,0.000000
-0.002240,0.000000
0.039645,0.000000
-0.020391,0.000000
0.024314,0.000000
0.040713,0.000000
-0.009393,0.000000
0.014673,0.000000
-0.045925,0.000000
0.014145,0.000000
0.001418,0.000000
0.023758,0.000000
-0.026176,0.000000
-0.003968,0.000000
-0.002142,0.000000
-0.004026,0.000000
-0.026829,0.000000
0.031828,0.000000
0.041245,0.000000
-0.011684,0.000000
0.028164,0.000000
0.009184,0.000000
-0.013955,0.000000
0.011637,0.000000
0.035544,0.000000
-0.002128,0.000000
-0.010130,0.000000
-0.018538,0.000000
0.015382,0.000000
-0.018422,0.000000
-0.002662,0.000000
-0.050713,0.000000
0.018924,0.000000
0.015265,0.000000
0.004260,0.000000
0.017477,0.000000
-0.035798,0.000000
-0.025810,0.000000
0.021001,0.000000
0.058124,0.000000
0.049011,0.000000
-0.040376,0.000000
0.013960,0.000000
-0.028343,0.000000
0.032002,0.000000
0.047258,0.000000
0.004478,0.000000
-0.012134,0.000000
0.008543,0.000000
-0.007805,0.000000
0.031994,0.000000
0.023180,0.000000
0.004691,0.000000
-0.005824,0.000000
0.012695,0.000000
-0.004795,0.000000
-0.013850,0.000000
-0.032378,0.000000
-0.008265,0.000000
0.013842,0.000000
0.002339,0.000000
-0.022109,0.000000
-0.042453,0.000000
0.034907,0.000000
-0.003119,0.000000
0.016438,0.000000
0.042422,0.000000
0.031298,0.000000
0.003991,0.000000
-0.038506,0.000000
-0.017322,0.000000
-0.020954,0.000000
-0.013795,0.000000
-0.019849,0.000000
0.034954,0.000000
0.009364,0.000000
0.030168,0.000000
-0.007129,0.000000
-0.006790,0.000000
0.000687,0.000000
0.008112,0.000000
0.017348,0.000000
0.038061,0.000000
0.017014,0.000000
0.043527,0.000000
0.017734,0.000000
0.005810,0.000000
0.043606,0.000000
0.003184,0.000000
-0.009071,0.000000
0.001516,0.000000
-0.005003,0.000000
0.031289,0.000000
0.041083,0.000000
0.024589,0.000000
0.020874,0.000000
0.021701,0.000000
0.021767,0.000000
-0.000532,0.000000
0.002375,0.000000
0.025087,0.000000
0.008574,0.000000
-0.041908,0.000000
0.007022,0.000000
0.024942,0.000000
0.011084,0.000000
-0.020327,0.000000
-0.010519,0.000000
0.015788,0.000000
0.000563,0.000000
-0.024387,0.000000
0.001094,0.000000
0.003388,0.000000
0.001430,0.000000
-0.009143,0.000000
-0.001814,0.000000
0.030943,0.000000
0.009604,0.000000
-0.012324,0.000000
-0.042142,0.000000
0.009637,0.000000
0.025182,0.000000
0.018335,0.000000
-0.001174,0.000000
0.004871,0.000000
0.001255,0.000000
0.018192,0.000000
-0.022687,0.000000
0.064456,0.000000
0.025018,0.000000
0.052388,0.000000
0.017734,0.000000
0.027963,0.000000
-0.026808,0.000000
-0.068477,0.000000
0.019459,0.000000
-0.000561,0.000000
-0.010993,0.000000
0.042818,0.000000
0.040950,0.000000
0.015496,0.000000
0.017728,0.000000
0.017312,0.000000
-0.025551,0.000000
0.016405,0.000000
0.037571,0.000000
-0.007316,0.000000
-0.014479,0.000000
0.016905,0.000000
-0.041468,0.000000
0.045884,0.000000
0.006042,0.000000
0.017048,0.000000
-0.013064,0.000000
-0.004704,0.000000
0.026726,0.000000
0.033963,0.000000
-0.004884,0.000000
-0.019886,0.000000
0.011576,0.000000
0.000919,0.000000
0.018227,0.000000
0.019560,0.000000
0.033422,0.000000
0.030007,0.000000
-0.032768,0.000000
0.018776,0.000000
0.008946,0.000000
0.007099,0.000000
-0.007472,0.000000
-0.023792,0.000000
-0.002992,0.000000
0.001423,0.000000
0.018918,0.000000
0.005649,0.000000
0.003218,0.000000
-0.033887,0.000000
0.005315,0.000000
0.034111,0.000000
0.032369,0.000000
0.036463,0.000000
-0.028354,0.000000
0.009935,0.000000
0.026544,0.000000
-0.003748,0.000000
0.018964,0.000000
-0.029787,0.000000
-0.013724,0.000000
0.002989,0.000000
0.016051,0.000000
-0.035428,0.000000
-0.012734,0.000000
0.021450,0.000000
0.027634,0.000000
0.021950,0.000000
-0.007815,0.000000
0.040593,0.000000
0.014049,0.000000
0.016625,0.000000
0.034711,0.000000
0.027127,0.000000
0.004819,0.000000
0.043102,0.000000
-0.011893,0.000000
-0.019103,0.000000
-0.015076,0.000000
0.033986,0.000000
0.015110,0.000000
0.031741,0.000000
0.001687,0.000000
0.041436,0.000000
-0.005258,0.000000
0.015236,0.000000
0.006083,0.000000
-0.039361,0.000000
-0.028226,0.000000
-0.011310,0.000000
0.024556,0.000000
-0.013659,0.000000
-0.015305,0.000000
0.006653,0.000000
-0.000734,0.000000
0.016889,0.000000
-0.000850,0.000000
-0.013333,0.000000
-0.005771,0.000000
-0.030548,0.000000
0.002767,0.000000
-0.020427,0.000000
-0.018138,0.000000
0.015276,0.000000
0.017522,0.000000
0.041991,0.000000
0.005807,0.000000
-0.038304,0.000000
-0.058870,0.000000
0.025356,0.000000
0.034867,0.000000
0.002597,0.000000
0.016136,0.000000
0.048453,0.000000
-0.021045,0.000000
0.014176,0.000000
0.000107,0.000000
-0.011598,0.000000
-0.006261,0.000000
-0.047334,0.000000
-0.006216,0.000000
-0.007237,0.000000
-0.005907,0.000000
0.000056,0.000000
0.000174,0.000000
0.007140,0.000000
0.045565,0.000000
0.032871,0.000000
0.009811,0.000000
0.002097,0.000000
0.013287,0.000000
0.015236,0.000000
0.005453,0.000000
-0.030700,0.000000
0.012385,0.000000
-0.011600,0.000000
-0.001851,0.000000
-0.013825,0.000000
0.009436,0.000000
-0.009688,0.000000
0.014978,0.000000
-0.045879,0.000000
-0.061971,0.000000
0.018482,0.000000
-0.008913,0.000000
0.023343,0.000000
-0.005395,0.000000
-0.013083,0.000000
0.057108,0.000000
0.000319,0.000000
-0.049582,0.000000
0.005813,0.000000
0.004070,0.000000
0.048257,0.000000
-0.005231,0.000000
0.003049,0.000000
-0.009768,0.000000
0.007593,0.000000
0.023479,0.000000
0.011731,0.000000
-0.013433,0.000000
0.025677,0.000000
0.024490,0.000000
0.010350,0.000000
0.022150,0.000000
0.007897,0.000000
-0.033056,0.000000
0.005484,0.000000
0.008632,0.000000
0.043629,0.000000
-0.002827,0.000000
0.010231,0.000000
0.010927,0.000000
-0.005869,0.000000
-0.005251,0.000000
-0.041457,0.000000
0.035831,0.000000
0.001480,0.000000
-0.001444,0.000000
-0.012735,0.000000
0.039457,0.000000
0.051727,0.000000
-0.042766,0.000000
0.016573,0.000000
-0.030198,0.000000
0.045137,0.000000
0.012628,0.000000
0.022846,0.000000
0.028695,0.000000
0.011701,0.000000
-0.041112,0.000000
0.009454,0.000000
-0.010229,0.000000
-0.007652,0.000000
0.028512,0.000000
-0.003745,0.000000
-0.043759,0.000000
-0.009399,0.000000
0.027242,0.000000
0.011688,0.000000
-0.016643,0.000000
-0.000617,0.000000
-0.027348,0.000000
0.022028,0.000000
0.011414,0.000000
-0.000615,0.000000
0.037869,0.000000
-0.015111,0.000000
0.037153,0.000000
-0.018647,0.000000
-0.004532,0.000000
-0.017556,0.000000
0.011616,0.000000
0.016618,0.000000
0.020077,0.000000
-0.020805,0.000000
0.024249,0.000000
0.024935,0.000000
0.013495,0.000000
-0.003262,0.000000
-0.021032,0.000000
0.006509,0.000000
0.032150,0.000000
0.021379,0.000000
0.039957,0.000000
0.012213,0.000000
0.013151,0.000000
0.027928,0.000000
-0.026041,0.000000
0.023178,0.000000
0.003865,0.000000
0.027877,0.000000
-0.013345,0.000000
0.002571,0.000000
-0.026091,0.000000
-0.015513,0.000000
0.024907,0.000000
0.044528,0.000000
-0.004312,0.000000
-0.024597,0.000000
0.009254,0.000000
0.028242,0.000000
-0.007495,0.000000
0.033749,0.000000
0.030105,0.000000
0.016289,0.000000
0.047373,0.000000
0.045604,0.000000
-0.031019,0.000000
-0.031096,0.000000
0.013681,0.000000
-0.008228,0.000000
-0.015167,0.000000
0.011200,0.000000
0.044476,0.000000
0.001791,0.000000
0.022526,0.000000
0.027361,0.000000
0.026738,0.000000
-0.009662,0.000000
-0.010294,0.000000
0.015983,0.000000
-0.000657,0.000000
0.016152,0.000000
0.040202,0.000000
0.012124,0.000000
0.040598,0.000000
-0.001694,0.000000
-0.006182,0.000000
0.040112,0.000000
0.028707,0.000000
0.008062,0.000000
0.008459,0.000000
-0.027080,0.000000
0.008516,0.000000
-0.017850,0.000000
0.039297,0.000000
0.022798,0.000000
0.038735,0.000000
0.016976,0.000000
-0.009016,0.000000
-0.000528,0.000000
0.005028,0.000000
0.013761,0.000000
-0.052535,0.000000
0.026982,0.000000
0.002220,0.000000
0.028247,0.000000
-0.032848,0.000000
0.008427,0.000000
0.008258,0.000000
0.010392,0.000000
0.045679,0.000000
0.015493,0.000000
-0.063157,0.000000
0.031269,0.000000
0.016654,0.000000
0.014685,0.000000
-0.019893,0.000000
0.003717,0.000000
0.013380,0.000000
-0.004216,0.000000
-0.003577,0.000000
0.011459,0.000000
-0.017173,0.000000
0.013194,0.000000
0.021266,0.000000
-0.016715,0.000000
-0.006656,0.000000
0.024339,0.000000
0.013646,0.000000
0.028076,0.000000
-0.008116,0.000000
-0.010590,0.000000
0.020002,0.000000
0.013426,0.000000
0.021152,0.000000
-0.011709,0.000000
-0.001167,0.000000
-0.018918,0.000000
-0.008166,0.000000
-0.019029,0.000000
-0.016484,0.000000
-0.025459,0.000000
0.014072,0.000000
0.015345,0.000000
-0.011849,0.000000
0.046676,0.000000
0.014752,0.000000
0.000664,0.000000
-0.019194,0.000000
0.027790,0.000000
0.007280,0.000000
0.009804,0.000000
0.000224,0.000000
0.016337,0.000000
-0.019570,0.000000
0.000749,0.000000
-0.022164,0.000000
-0.020280,0.000000
-0.010631,0.000000
-0.005343,0.000000
-0.001146,0.000000
0.022982,0.000000
-0.010179,0.000000
0.018121,0.000000
-0.009489,0.000000
0.026197,0.000000
0.052440,0.000000
-0.015251,0.000000
-0.036517,0.000000
-0.012476,0.000000
-0.020653,0.000000
-0.005855,0.000000
-0.010159,0.000000
0.059726,0.000000
0.045965,0.000000
0.034523,0.000000
0.018578,0.000000
0.014369,0.000000
-0.024786,0.000000
0.026132,0.000000
0.012299,0.000000
0.008973,0.000000
-0.015335,0.000000
0.005821,0.000000
0.047517,0.000000
0.029676,0.000000
0.012706,0.000000
0.031592,0.000000
-0.035932,0.000000
0.025218,0.000000
-0.002318,0.000000
0.020295,0.000000
0.008411,0.000000
-0.009031,0.000000
0.017262,0.000000
0.035329,0.000000
0.051595,0.000000
-0.014574,0.000000
0.041744,0.000000
0.002359,0.000000
0.022126,0.000000
0.016056,0.000000
0.044418,0.000000
0.003378,0.000000
0.012293,0.000000
-0.007943,0.000000
0.007581,0.000000
-0.009399,0.000000
-0.004041,0.000000
0.004163,0.000000
0.009267,0.000000
-0.003514,0.000000
-0.004932,0.000000
-0.026056,0.000000
-0.019484,0.000000
-0.031410,0.000000
-0.004318,0.000000
0.004037,0.000000
0.010397,0.000000
-0.001730,0.000000
0.013061,0.000000
0.005415,0.000000
0.014856,0.000000
0.056129,0.000000
-0.044179,0.000000
-0.009223,0.000000
0.021351,0.000000
0.009975,0.000000
0.022392,0.000000
-0.009149,0.000000
-0.008005,0.000000
-0.021032,0.000000
0.075256,0.000000
0.022625,0.000000
-0.008988,0.000000
0.003716,0.000000
-0.040921,0.000000
-0.036545,0.000000
0.002694,0.000000
-0.023337,0.000000
0.010211,0.000000
0.011194,0.000000
0.004201,0.000000
0.034924,0.000000
-0.000728,0.000000
-0.004804,0.000000
0.036320,0.000000
0.009252,0.000000
0.036560,0.000000
0.008056,0.000000
0.025358,0.000000
-0.020199,0.000000
0.028035,0.000000
0.018918,0.000000
0.006330,0.000000
0.007947,0.000000
0.022199,0.000000
0.018044,0.000000
0.000210,0.000000
-0.032693,0.000000
0.008104,0.000000
0.021095,0.000000
-0.024487,0.000000
0.021553,0.000000
-0.002985,0.000000
0.029771,0.000000
0.032208,0.000000
0.010109,0.000000
0.004534,0.000000
0.002384,0.000000
0.036604,0.000000
-0.013507,0.000000
-0.016876,0.000000
0.010226,0.000000
0.016531,0.000000
0.013245,0.000000
-0.021602,0.000000
0.033879,0.000000
0.010645,0.000000
-0.009764,0.000000
0.003516,0.000000
0.025076,0.000000
0.025454,0.000000
0.028647,0.000000
0.013778,0.000000
-0.009629,0.000000
0.002171,0.000000
0.038753,0.000000
-0.000854,0.000000
-0.020907,0.000000
-0.008211,0.000000
-0.000019,0.000000
-0.008210,0.000000
0.015871,0.000000
-0.031025,0.000000
-0.001354,0.000000
0.035044,0.000000
-0.023065,0.000000
0.017962,0.000000
0.001705,0.000000
0.002931,0.000000
0.039390,0.000000
0.009154,0.000000
0.022742,0.000000
0.016785,0.000000
0.016116,0.000000
0.029212,0.000000
-0.000909,0.000000
0.008994,0.000000
0.009731,0.000000
0.002450,0.000000
-0.002081,0.000000
0.036598,0.000000
0.014655,0.000000
0.029461,0.000000
0.000982,0.000000
-0.015911,0.000000
0.023412,0.000000
-0.004999,0.000000
0.003278,0.000000
-0.047823,0.000000
0.017540,0.000000
0.006132,0.000000
0.002386,0.000000
-0.062082,0.000000
0.005434,0.000000
-0.010172,0.000000
0.014692,0.000000
0.003521,0.000000
-0.015574,0.000000
-0.012505,0.000000
-0.026645,0.000000
-0.013215,0.000000
0.025756,0.000000
-0.009776,0.000000
0.015558,0.000000
-0.025062,0.000000
-0.010707,0.000000
0.019293,0.000000
0.006252,0.000000
-0.038723,0.000000
0.009625,0.000000
0.005253,0.000000
-0.005988,0.000000
0.033601,0.000000
0.022587,0.000000
-0.006527,0.000000
0.027164,0.000000
0.039919,0.000000
-0.034894,0.000000
0.011535,0.000000
-0.012095,0.000000
0.028316,0.000000
0.027753,0.000000
-0.015718,0.000000
-0.001094,0.000000
0.030759,0.000000
-0.032696,0.000000
0.054481,0.000000
-0.006089,0.000000
0.003913,0.000000
0.007231,0.000000
-0.018245,0.000000
0.014861,0.000000
0.027441,0.000000
-0.026023,0.000000
0.011342,0.000000
-0.010016,0.000000
0.011988,0.000000
0.048779,0.000000
-0.013484,0.000000
0.019886,0.000000
-0.022143,0.000000
-0.002477,0.000000
-0.006160,0.000000
-0.028040,0.000000
-0.024109,0.000000
-0.004328,0.000000
0.011689,0.000000
0.011957,0.000000
0.018898,0.000000
0.040470,0.000000
0.012992,0.000000
0.030464,0.000000
0.005155,0.000000
-0.002531,0.000000
0.045548,0.000000
0.022200,0.000000
0.012722,0.000000
-0.001044,0.000000
-0.008571,0.000000
0.022721,0.000000
0.010600,0.000000
0.052778,0.000000
0.021635,0.000000
0.016534,0.000000
-0.011854,0.000000
0.017743,0.000000
0.029229,0.000000
-0.012336,0.000000
0.014132,0.000000
0.016462,0.000000
-0.015973,0.000000
0.026903,0.000000
0.0