-0.047079,0.106000
0.051878,0.102000
0.036057,0.113500
0.012438,0.109000
0.129584,0.118500
0.147011,0.127000
0.163678,0.130000
0.168669,0.132500
0.157606,0.135500
0.252496,0.141500
0.337682,0.178000
0.361031,0.181500
0.374816,0.174000
0.371420,0.176500
0.443583,0.178500
0.494789,0.205500
0.502771,0.207500
0.518244,0.209500
0.488647,0.212000
0.554177,0.226500
0.615666,0.246000
0.630985,0.256000
0.654152,0.258000
0.659773,0.289000
0.657910,0.264500
0.739848,0.296000
0.718202,0.290000
0.789474,0.308500
0.801536,0.307500
0.810008,0.314500
0.781535,0.330500
0.858848,0.341500
0.862938,0.327000
0.823920,0.339000
0.949044,0.366500
0.907208,0.365500
0.950647,0.378500
0.944120,0.378500
0.931904,0.372000
0.980493,0.383000
1.033983,0.406500
0.979804,0.393500
1.008762,0.390500
1.016893,0.405500
1.006300,0.419000
1.037856,0.423000
1.049726,0.444000
1.093121,0.420000
1.090962,0.436000
1.114484,0.428000
1.048053,0.424000
1.119696,0.440500
1.111343,0.456000
1.114782,0.456000
1.102834,0.465500
1.103292,0.463500
1.103020,0.454500
1.143072,0.481500
1.143731,0.477500
1.119501,0.490500
1.156659,0.490000
1.171527,0.485000
1.180880,0.508000
1.201030,0.497500
1.154344,0.506500
1.157545,0.512000
1.165572,0.527500
1.179402,0.504500
1.171864,0.524000
1.210087,0.507000
1.216051,0.538000
1.231385,0.523500
1.246078,0.521000
1.205163,0.509000
1.204898,0.530000
1.234275,0.560500
1.247163,0.521000
1.234631,0.524500
1.250646,0.557500
1.282276,0.556000
1.259725,0.546000
1.247052,0.558500
1.253068,0.535500
1.236581,0.555000
1.262884,0.553000
1.272421,0.554000
1.331675,0.578000
1.306702,0.563500
1.279540,0.568500
1.244350,0.560000
1.275460,0.564000
1.273647,0.553000
1.293187,0.578000
1.288419,0.571500
1.288083,0.570500
1.281175,0.575000
1.329162,0.593500
1.318504,0.589500
1.285976,0.573500
1.308984,0.583000
1.316154,0.591500
1.284142,0.584500
1.288175,0.593500
1.320939,0.587000
1.314354,0.595000
1.293082,0.602500
1.328478,0.611000
1.323653,0.599000
1.346151,0.618000
1.335225,0.613500
1.313279,0.606000
1.347308,0.619500
1.377081,0.626500
1.305324,0.606500
1.359464,0.604000
1.316219,0.614500
1.341349,0.612000
1.382062,0.617500
1.357198,0.619500
1.290216,0.631000
1.390177,0.624000
1.343143,0.638000
1.384531,0.635500
1.361100,0.623500
1.352717,0.624000
1.358865,0.637000
1.353964,0.648500
1.366374,0.644000
1.332145,0.652000
1.362911,0.627000
1.371748,0.646000
1.366485,0.640000
1.349629,0.641500
1.372903,0.644500
1.339327,0.637500
1.396992,0.635000
1.356238,0.649500
1.357567,0.644000
1.360883,0.637500
1.346287,0.648500
1.394887,0.673500
1.378222,0.654000
1.377101,0.646500
1.373681,0.662000
1.370324,0.647500
1.374756,0.647500
1.387871,0.670000
1.402055,0.657000
1.400054,0.660000
1.397528,0.669000
1.426452,0.646500
1.413474,0.663000
1.402228,0.664000
1.389448,0.666000
1.388240,0.662000
1.364126,0.675000
1.383296,0.663000
1.363328,0.676500
1.389000,0.681500
1.382391,0.673000
1.398093,0.665500
1.392760,0.679000
1.420292,0.687000
1.410877,0.683000
1.403083,0.677500
1.410577,0.679000
1.399241,0.671500
1.380662,0.678000
1.434132,0.677000
1.417769,0.685000
1.375940,0.698500
1.451272,0.686500
1.403716,0.672500
1.397954,0.681000
1.393922,0.696500
1.392792,0.675500
1.397256,0.693000
1.400204,0.694500
1.436546,0.692500
1.417003,0.681000
1.415574,0.688000
1.430021,0.702000
1.420343,0.689500
1.426253,0.702500
1.415682,0.682500
1.389143,0.703500
1.420361,0.703000
1.422550,0.704000
1.429584,0.688500
1.435736,0.697000
1.418735,0.705000
1.421636,0.713000
1.433727,0.710500
1.375130,0.707500
1.412724,0.700500
1.442375,0.708000
1.406905,0.704000
1.445538,0.701500
1.461829,0.705500
1.419100,0.693000
1.397953,0.698500
1.446250,0.704000
1.445924,0.705500
1.431243,0.700500
1.452300,0.709500
1.468085,0.715500
1.473088,0.722500
1.424774,0.715500
1.423446,0.709000
1.399231,0.717000
1.442606,0.724000
1.471926,0.718000
1.467498,0.730000
1.437620,0.724500
1.420848,0.705500
1.430423,0.715000
1.398688,0.716500
1.421275,0.720000
1.427566,0.718500
1.417950,0.712000
1.429474,0.723500
1.407042,0.709000
1.434557,0.720500
1.432445,0.723000
1.452675,0.724500
1.436299,0.715500
1.430514,0.709500
1.431677,0.725000
1.459357,0.720000
1.426868,0.723500
1.398502,0.725000
1.470455,0.735500
1.451690,0.727500
1.430611,0.732000
1.436847,0.729500
1.428597,0.723000
1.480883,0.737500
1.450226,0.723000
1.427734,0.728000
1.433281,0.725500
1.417495,0.733500
1.412599,0.728000
1.401357,0.742000
1.452421,0.735500
1.449649,0.730000
1.432294,0.732000
1.473538,0.740000
1.460819,0.743000
1.467160,0.735000
1.468854,0.746500
1.451947,0.740000
1.406417,0.736000
1.448316,0.732000
1.459103,0.732000
1.453110,0.743000
1.450557,0.747000
1.439149,0.744500
1.458645,0.751500
1.478344,0.751500
1.396624,0.727500
1.467570,0.747500
1.467165,0.735500
1.396816,0.749000
1.412816,0.730500
1.455104,0.742000
1.459588,0.740500
1.438957,0.732500
1.443258,0.745000
1.480672,0.738500
1.466995,0.731000
1.463749,0.749500
1.425838,0.739000
1.458899,0.740500
1.452124,0.735000
1.443732,0.750000
1.434226,0.754000
1.516291,0.747000
1.480179,0.744000
1.470442,0.742000
1.462489,0.742500
1.440468,0.749500
1.505318,0.736000
1.480910,0.756500
1.478341,0.758500
1.444895,0.738500
1.515556,0.758000
1.473056,0.746500
1.483166,0.758500
1.438917,0.743500
1.459977,0.755000
1.453009,0.755500
1.472071,0.746500
1.458700,0.758500
1.495856,0.763000
1.457878,0.765000
1.457320,0.751500
1.475029,0.754000
1.475876,0.754000
1.445369,0.770000
1.449199,0.754000
1.470832,0.752500
1.469894,0.759500
1.502631,0.759000
1.450554,0.764000
1.476791,0.763000
1.468131,0.757000
1.449381,0.766000
1.446583,0.761500
1.453678,0.764500
1.482439,0.761500
1.455203,0.750000
1.431608,0.763000
1.450073,0.772000
1.469089,0.764500
1.459751,0.769500
1.457622,0.767500
1.455960,0.767500
1.433715,0.765500
1.465271,0.768000
1.476774,0.760500
1.443279,0.761500
1.479719,0.774500
1.524667,0.765500
1.499293,0.767000
1.532916,0.774500
1.445156,0.761000
1.504864,0.763500
1.470164,0.764000
1.447932,0.758500
1.485956,0.773500
1.440054,0.767000
1.442182,0.765500
1.470465,0.764000
1.456873,0.760500
1.413032,0.768500
1.470087,0.752500
1.476151,0.765500
1.431755,0.749500
1.465022,0.767500
1.483325,0.756500
1.474214,0.769500
1.481717,0.772000
1.439978,0.765500
1.476077,0.768500
1.433484,0.769500
1.460805,0.773500
1.455312,0.771500
1.476076,0.777500
1.460595,0.772500
1.470618,0.757000
1.483429,0.762000
1.447950,0.779500
1.462022,0.778500
1.489416,0.760000
1.489827,0.781000
1.495862,0.780000
1.468480,0.764000
1.504785,0.781000
1.451234,0.773000
1.468857,0.780500
1.540645,0.761500
1.450447,0.773500
1.493105,0.770000
1.481943,0.785500
1.481470,0.775000
1.453153,0.765500
1.486040,0.786000
1.466045,0.775000
1.499321,0.776500
1.502491,0.784500
1.469850,0.775500
1.494228,0.767500
1.468934,0.781500
1.446805,0.783500
1.471045,0.778500
1.486798,0.786000
1.458790,0.776500
1.480720,0.783500
1.490376,0.787500
1.516802,0.778500
1.456297,0.777000
1.502442,0.789000
1.501542,0.781500
1.489305,0.785000
1.448667,0.784500
1.472939,0.786000
1.501847,0.769500
1.535094,0.796000
1.509968,0.794000
1.489779,0.779500
1.525851,0.775000
1.485896,0.784500
1.533096,0.797500
1.523602,0.790500
1.477778,0.780000
1.498622,0.786000
1.443331,0.780500
1.456597,0.792000
1.503979,0.786500
1.478493,0.791500
1.559748,0.802000
1.479679,0.784500
1.448857,0.780000
1.486348,0.787500
1.493991,0.785500
1.482764,0.792500
1.491793,0.793500
1.504796,0.797500
1.453548,0.796500
1.473316,0.784500
1.480769,0.782000
1.487918,0.775000
1.489078,0.797500
1.507441,0.794500
1.511738,0.789000
1.512531,0.795500
1.466443,0.784500
1.459173,0.792000
1.491185,0.780500
1.503914,0.796500
1.502291,0.790500
1.496176,0.802500
1.472854,0.772000
1.473944,0.798000
1.535228,0.790500
1.481765,0.782000
1.467696,0.794000
1.537146,0.796000
1.509806,0.786000
1.501803,0.802500
1.485531,0.781000
1.525494,0.781500
1.506333,0.798000
1.490308,0.800000
1.498419,0.793000
1.519502,0.791000
1.474853,0.790000
1.518237,0.792000
1.509242,0.783500
1.466907,0.801500
1.484694,0.787500
1.462849,0.786500
1.522624,0.796500
1.490771,0.796000
1.482255,0.793500
1.467633,0.797500
1.511956,0.805500
1.531417,0.805000
1.486753,0.794500
1.481942,0.794000
1.491549,0.807000
1.498040,0.799000
1.452437,0.788000
1.531091,0.799500
1.536484,0.797500
1.511197,0.812000
1.497184,0.804000
1.478258,0.793500
1.480280,0.799500
1.523318,0.806000
1.515421,0.804000
1.483000,0.802500
1.497943,0.788500
1.464690,0.808500
1.473694,0.801500
1.504062,0.813500
1.480570,0.798000
1.512478,0.799500
1.475760,0.793500
1.486475,0.797000
1.495812,0.798000
1.483519,0.800000
1.505123,0.790000
1.533720,0.798500
1.513020,0.790500
1.492392,0.808000
1.497118,0.798000
1.470584,0.797000
1.482665,0.798000
1.541970,0.812000
1.472586,0.809500
1.465261,0.791500
1.534130,0.817000
1.486712,0.800000
1.499798,0.803500
1.508981,0.795500
1.492197,0.800000
1.507543,0.803500
1.488823,0.806000
1.513450,0.805500
1.499405,0.808000
1.506341,0.802500
1.495833,0.808000
1.502861,0.794000
1.482833,0.807500
1.502058,0.800500
1.478542,0.799500
1.470271,0.797500
1.473979,0.808500
1.526774,0.809500
1.472367,0.816500
1.503353,0.809500
1.485722,0.804500
1.494168,0.802000
1.462744,0.801000
1.499690,0.805500
1.534075,0.813000
1.486329,0.802000
1.465760,0.815500
1.517334,0.810000
1.537716,0.806000
1.523409,0.808500
1.485166,0.813000
1.444699,0.802500
1.501215,0.805000
1.508416,0.806000
1.474272,0.809000
1.473636,0.807500
1.478317,0.805500
1.481049,0.810000
1.494497,0.822000
1.520867,0.813500
1.477689,0.805500
1.503288,0.826500
1.506215,0.810500
1.481491,0.814500
1.508281,0.813000
1.513106,0.806500
1.503462,0.804000
1.483917,0.805000
1.529222,0.815000
1.505375,0.803000
1.516787,0.812500
1.506872,0.810500
1.546347,0.814000
1.515441,0.821500
1.498977,0.818000
1.487037,0.814500
1.451858,0.805000
1.526312,0.812000
1.481790,0.821500
1.520325,0.809000
1.507259,0.811000
1.477168,0.804000
1.493651,0.818000
1.517222,0.812000
1.473229,0.813000
1.517145,0.812500
1.511140,0.814500
1.501104,0.821500
1.497484,0.814000
1.492942,0.819000
1.498028,0.813500
1.475448,0.825000
1.549541,0.812500
1.484244,0.818500
1.531098,0.809000
1.507910,0.815500
1.501082,0.813500
1.509194,0.811000
1.479223,0.826000
1.509228,0.813000
1.478279,0.821500
1.471133,0.814500
1.495432,0.815000
1.474321,0.813000
1.463687,0.815000
1.485020,0.818500
1.493197,0.813000
1.530485,0.812000
1.485502,0.816000
1.471561,0.826000
1.499336,0.829000
1.478563,0.822500
1.484863,0.823500
1.516429,0.814000
1.488290,0.817000
1.506127,0.822500
1.522524,0.819000
1.499829,0.820500
1.489625,0.813000
1.565166,0.819000
1.492122,0.818000
1.516531,0.819500
1.494397,0.822500
1.548943,0.824500
1.486744,0.804500
1.524975,0.820500
1.470306,0.825500
1.519991,0.823500
1.490084,0.822000
1.471629,0.817000
1.518247,0.820500
1.535167,0.813000
1.496379,0.823000
1.493830,0.807500
1.503110,0.818500
1.489537,0.820000
1.559705,0.826500
1.526604,0.815500
1.528729,0.819500
1.525277,0.817000
1.439782,0.812000
1.501628,0.808500
1.490026,0.819000
1.510138,0.822000
1.497289,0.823500
1.500776,0.822500
1.496681,0.820000
1.517628,0.826000
1.525909,0.821000
1.527085,0.826000
1.526239,0.832500
1.501215,0.826000
1.497376,0.824500
1.544620,0.827500
1.518746,0.822500
1.525737,0.825500
1.508056,0.821000
1.491606,0.820000
1.517616,0.822500
1.502763,0.823500
1.482364,0.821000
1.502939,0.827500
1.481323,0.813000
1.532391,0.820000
1.507174,0.824500
1.516547,0.834500
1.504117,0.820500
1.491572,0.818500
1.484299,0.812500
1.484783,0.816000
1.514390,0.829500
1.538031,0.815500
1.487070,0.828000
1.476753,0.814500
1.459375,0.815000
1.513400,0.819000
1.505204,0.824500
1.530313,0.830500
1.484890,0.824000
1.556886,0.832000
1.474742,0.821500
1.508312,0.825000
1.505087,0.818000
1.495264,0.829000
1.527259,0.825000
1.533430,0.830000
1.535981,0.830000
1.499215,0.830000
1.533870,0.828500
1.490934,0.830000
1.477620,0.826500
1.544268,0.824500
1.508866,0.827500
1.494897,0.823500
1.507025,0.833000
1.519789,0.824500
1.537697,0.821500
1.535386,0.822000
1.467021,0.828500
1.448597,0.830500
1.515954,0.825500
1.528256,0.831000
1.496595,0.829000
1.505604,0.825500
1.535422,0.827500
1.447756,0.825000
1.509347,0.822500
1.495901,0.834000
1.498478,0.834000
1.473515,0.821000
1.531520,0.828500
1.497093,0.817500
1.522382,0.841500
1.556733,0.821500
1.500171,0.815000
1.526634,0.823500
1.524738,0.834000
1.520596,0.822000
1.542060,0.830500
1.492129,0.826500
1.491354,0.823000
1.510177,0.827500
1.462420,0.836500
1.510021,0.832000
1.548308,0.836500
1.541398,0.819500
1.532182,0.834500
1.498047,0.832000
1.537611,0.833000
1.519845,0.833500
1.487234,0.831000
1.515740,0.831000
1.519229,0.825000
1.517790,0.822000
1.489812,0.825500
1.530305,0.835000
1.545377,0.830000
1.533179,0.835000
1.526667,0.826000
1.507069,0.820000
1.532793,0.825000
1.515262,0.836000
1.505694,0.830000
1.489524,0.823000
1.478317,0.825000
1.501573,0.839000
1.522955,0.828000
1.529809,0.831000
1.470689,0.827000
1.459556,0.827000
1.492845,0.834000
1.492654,0.830000
1.507751,0.834000
1.478078,0.835500
1.518853,0.828000
1.485123,0.837000
1.495696,0.848000
1.529560,0.839000
1.483766,0.831000
1.488465,0.838000
1.506844,0.839500
1.522911,0.831500
1.556234,0.835500
1.473379,0.842500
1.504663,0.834500
1.509279,0.842000
1.537671,0.834000
1.505044,0.842000
1.567224,0.843500
1.491588,0.837000
1.528046,0.834000
1.523747,0.825500
1.520153,0.841500
1.524254,0.837000
1.508783,0.849000
1.491889,0.829000
1.525639,0.831500
1.531069,0.833500
1.515776,0.832500
1.539621,0.835000
1.473841,0.835000
1.488532,0.836000
1.550509,0.842000
1.523811,0.832000
1.536228,0.840000
1.514228,0.834000
1.495006,0.833000
1.513214,0.837500
1.487773,0.843500
1.505285,0.838500
1.489672,0.843500
1.507575,0.844500
1.507111,0.839000
1.505924,0.837500
1.494267,0.837500
1.530331,0.843000
1.501971,0.844000
1.532903,0.838500
1.523090,0.828000
1.475863,0.830500
1.488950,0.843000
1.497415,0.837000
1.546657,0.847500
1.543571,0.839500
1.503688,0.836000
1.501190,0.835500
1.490896,0.844500
1.549962,0.839000
1.493439,0.838000
1.530047,0.839500
1.476029,0.840500
1.511287,0.843500
1.463171,0.832500
1.478724,0.836000
1.495788,0.834500
1.505564,0.842000
1.531608,0.834000
1.484677,0.834500
1.490449,0.828000
1.516514,0.838000
1.497036,0.837000
1.506429,0.843000
1.519557,0.834500
1.503103,0.839000
1.531382,0.835500
1.528352,0.836000
1.527210,0.838000
1.510589,0.831000
1.502802,0.835000
1.491353,0.837000
1.558607,0.845000
1.473742,0.850000
1.542303,0.840500
1.506708,0.836000
1.509624,0.842500
1.514251,0.844000
1.528374,0.839500
1.505523,0.838500
1.518030,0.846000
1.511916,0.844500
1.519229,0.835000
1.504997,0.846500
1.532061,0.837500
1.506117,0.844000
1.511316,0.835500
1.505240,0.827500
1.479500,0.844500
1.479613,0.838000
1.520041,0.843500
1.481988,0.837000
1.507475,0.838000
1.493964,0.843000
1.525127,0.842000
1.536148,0.847000
1.540066,0.840000
1.476846,0.845500
1.508804,0.846000
1.514814,0.837000
1.517815,0.833500
1.525370,0.837000
1.486975,0.834000
1.532718,0.845000
1.548659,0.843000
1.547024,0.839000
1.541300,0.847000
1.474743,0.841000
1.519411,0.841500
1.469486,0.847000
1.512418,0.840000
1.544392,0.845000
1.497908,0.845000
1.554679,0.850000
1.503338,0.840000
1.544835,0.855000
1.490805,0.841000
1.499749,0.844000
1.503924,0.840500
1.508691,0.838500
1.482649,0.836000
1.547785,0.837500
1.519488,0.846500
1.521647,0.851500
1.514679,0.827500
1.514777,0.850000
1.485777,0.847000
1.483393,0.835000
1.477013,0.838500
1.560122,0.838000
1.524083,0.834000
1.507096,0.841000
1.541137,0.842500
1.484148,0.845000
1.481686,0.849500
1.520731,0.838000
1.542783,0.846000
1.526969,0.849000
1.502113,0.841500
1.487510,0.838000
1.544960,0.844000
1.492916,0.849000
1.448834,0.847000
1.510273,0.841000
1.508709,0.837500
1.549985,0.836000
1.506545,0.847000
1.516285,0.837500
1.552159,0.844000
1.499036,0.846000
1.545570,0.833000
1.485467,0.843500
1.472766,0.849000
1.510603,0.845500
1.508602,0.844500
1.521686,0.851000
1.490454,0.845500
1.485530,0.850000
1.507120,0.849000
1.523342,0.850000
1.494498,0.848000
1.556021,0.856000
1.574137,0.833000
1.489570,0.847500
1.492069,0.856000
1.519144,0.844500
1.515369,0.850500
1.480036,0.848000
1.519616,0.845500
1.503351,0.844500
1.542974,0.857500
1.521099,0.846500
1.533271,0.852000
1.500764,0.839000
1.503816,0.848000
1.485690,0.849000
1.551755,0.846500
1.460736,0.849500
1.528662,0.854500
1.541898,0.846000
1.501817,0.842000
1.517081,0.841500
1.504099,0.845000
1.522867,0.841000
1.515854,0.838000
1.513055,0.842000
1.500448,0.848000
1.502498,0.851500
1.538696,0.851500
1.524519,0.850000
1.520527,0.851000
1.510041,0.839500
1.534106,0.845500
1.477822,0.845000
1.505665,0.851500
1.511776,0.855500
1.486620,0.845000
1.485656,0.844000
1.526266,0.847000
1.509113,0.846000
1.492698,0.845000
1.529027,0.856000
1.530733,0.848500
1.503684,0.852000
1.507714,0.847500
1.492041,0.845500
1.532080,0.846000
1.474650,0.842500
1.517794,0.843000
1.545527,0.847000
1.468349,0.850500
1.508089,0.842000
1.539158,0.846500
1.486119,0.852000
1.516053,0.854000
1.484505,0.854500
1.510437,0.845500
1.506113,0.850500
1.496449,0.848000
1.516634,0.847000
1.529244,0.853500
1.555462,0.862000
1.523142,0.852000
1.521491,0.853500
1.511704,0.852500
1.517463,0.847500
1.535029,0.849500
1.526162,0.856000
1.496502,0.859000
1.533112,0.855000
1.499853,0.856000
1.498895,0.860500
1.527536,0.855500
1.501520,0.855500
1.486341,0.864000
1.493108,0.848000
1.508488,0.846000
1.530639,0.856000
1.562659,0.852000
1.521619,0.858500
1.506584,0.850500
1.504132,0.862000
1.524304,0.851000
1.521601,0.858000
1.567000,0.858500
1.522399,0.852000
1.563918,0.856500
1.497884,0.860000
1.539505,0.857000
1.535741,0.856500
1.522598,0.859000
1.466121,0.856500
1.508157,0.846000
1.527647,0.859000
1.524507,0.850000
1.533315,0.850000
1.540017,0.855500
1.540915,0.854500
1.533072,0.855000
1.480261,0.844000
1.519781,0.855000
1.542483,0.858000
1.513501,0.849000
1.479643,0.856000
1.521894,0.841000
1.538679,0.861000
1.543284,0.849000
1.546947,0.852500
1.505954,0.861000
1.504427,0.851500
1.536673,0.850000
1.518966,0.856000
1.499189,0.854000
1.481862,0.856000
1.529134,0.851000
1.496835,0.853000
1.542568,0.856500
1.524801,0.845000
1.504395,0.850500
1.525219,0.860000
1427.320435,602.359497
